{
 "cells": [
  {
   "cell_type": "code",
   "execution_count": 1,
   "metadata": {},
   "outputs": [],
   "source": [
    "from importlib import reload\n",
    "import numpy as np\n",
    "import matplotlib.pyplot as plt\n",
    "import seaborn as sns\n",
    "import pipeline_v200\n",
    "reload(pipeline_v200)\n",
    "import helper_functions\n",
    "import qutip\n",
    "\n",
    "sns.set_palette(\"Set2\")\n",
    "# sns.color_palette(\"Set2\")"
   ]
  },
  {
   "cell_type": "code",
   "execution_count": 18,
   "metadata": {},
   "outputs": [
    {
     "name": "stdout",
     "output_type": "stream",
     "text": [
      "Generating random mixed density matrix\n",
      "purity of initial state = (0.5152021020860149-2.168404344971009e-18j) \n",
      "Dimension of the Hilbert space: 16\n",
      "Initial state type: <class 'numpy.ndarray'> | initial_state: [[ 6.26140205e-02-5.68940907e-19j -4.08261064e-02-1.27037775e-02j\n",
      "  -7.30867197e-04-5.31560686e-02j -5.74361540e-02+2.57235064e-02j\n",
      "   4.82293429e-02+2.46756931e-02j  5.88126834e-02+6.99613890e-02j\n",
      "   1.25398162e-02-1.23225558e-03j  1.32205446e-02+2.24819161e-02j\n",
      "  -1.73631392e-02+1.17985038e-02j  8.14805358e-03-2.43513083e-02j\n",
      "   4.66994491e-02-3.88024640e-03j  2.78812449e-02-2.04008770e-02j\n",
      "   1.33854523e-02+9.88291685e-03j  2.15028525e-02-2.27974064e-02j\n",
      "   1.84007012e-02-3.03401810e-03j  9.17097995e-03+3.66514812e-02j]\n",
      " [-4.08261064e-02+1.27037775e-02j  9.74439600e-02+2.93690893e-18j\n",
      "  -4.44796421e-03-6.79561598e-03j  2.29429928e-02+4.13001650e-02j\n",
      "  -9.23686813e-02-2.32886000e-02j -6.97758334e-02-4.55682281e-02j\n",
      "  -3.10912871e-02+9.23388302e-03j -1.11135066e-02-4.73685218e-02j\n",
      "  -5.51620813e-02-2.67378313e-02j -3.45259236e-02+7.25436414e-02j\n",
      "  -1.43953782e-02+2.94551217e-02j -2.18052714e-02-2.17150184e-02j\n",
      "  -4.86567011e-02+3.09740400e-02j -4.98153217e-02+9.26795889e-03j\n",
      "  -3.64548961e-02+4.80409417e-03j -2.28767929e-02-1.59701671e-02j]\n",
      " [-7.30867197e-04+5.31560686e-02j -4.44796421e-03+6.79561598e-03j\n",
      "   7.37523131e-02+1.16930451e-18j -6.12313951e-02-7.07319903e-02j\n",
      "   1.63951895e-03+1.07228252e-02j -4.89203280e-02+4.14169713e-02j\n",
      "   2.66932713e-03-4.71557345e-03j  1.70481187e-03+2.03595194e-02j\n",
      "   1.43335810e-02-5.00956201e-02j -4.85708846e-03-2.61333039e-02j\n",
      "  -1.13269574e-02+4.49141716e-02j  4.33992152e-02+2.85705320e-02j\n",
      "  -2.08204702e-02-1.96932855e-02j  3.44348636e-02-3.65109938e-03j\n",
      "   8.68156029e-03+6.90207692e-04j -3.27165561e-02+2.35154817e-04j]\n",
      " [-5.74361540e-02-2.57235064e-02j  2.29429928e-02-4.13001650e-02j\n",
      "  -6.12313951e-02+7.07319903e-02j  1.35755457e-01+2.64010432e-19j\n",
      "  -4.38465940e-02+1.69896735e-02j -3.50032726e-02-6.91130818e-02j\n",
      "  -2.84268561e-03+1.88446385e-02j -3.93316120e-02-2.33503422e-02j\n",
      "   1.36381385e-02+6.39014437e-02j  4.33747580e-02+4.63972888e-02j\n",
      "  -2.86810179e-02-3.35984701e-02j -7.44553938e-02+2.07282664e-02j\n",
      "   3.23971396e-02+1.94583004e-02j -3.37646819e-02+5.47299038e-02j\n",
      "  -1.56404382e-02+2.09632307e-02j  1.41307972e-02-2.85480666e-02j]\n",
      " [ 4.82293429e-02-2.46756931e-02j -9.23686813e-02+2.32886000e-02j\n",
      "   1.63951895e-03-1.07228252e-02j -4.38465940e-02-1.69896735e-02j\n",
      "   9.69128977e-02+1.85402356e-18j  8.99499808e-02+3.61588090e-02j\n",
      "   2.66877880e-02-1.64787365e-02j  2.61569405e-02+4.16186536e-02j\n",
      "   4.76477866e-02+1.26980316e-02j  1.09710411e-02-7.55404959e-02j\n",
      "   1.75906919e-02-3.18904350e-02j  2.99206244e-02+4.69017790e-03j\n",
      "   3.66402115e-02-3.55327074e-02j  4.31739490e-02-2.79337681e-02j\n",
      "   3.37459197e-02-1.50849088e-02j  2.77496218e-02+1.72918858e-02j]\n",
      " [ 5.88126834e-02-6.99613890e-02j -6.97758334e-02+4.55682281e-02j\n",
      "  -4.89203280e-02-4.14169713e-02j -3.50032726e-02+6.91130818e-02j\n",
      "   8.99499808e-02-3.61588090e-02j  1.39834357e-01-8.76584107e-19j\n",
      "   1.52263598e-02-2.06889012e-02j  4.31786129e-02+1.56425101e-02j\n",
      "   1.57609030e-02+2.32424180e-02j -2.05102971e-02-5.18163262e-02j\n",
      "   3.26348932e-02-5.75721596e-02j  1.24372322e-02-4.13963675e-02j\n",
      "   2.71492781e-02-2.10400812e-02j  6.66610679e-03-4.99629569e-02j\n",
      "   2.03829802e-02-2.75465322e-02j  5.08991316e-02+2.09997389e-02j]\n",
      " [ 1.25398162e-02+1.23225558e-03j -3.10912871e-02-9.23388302e-03j\n",
      "   2.66932713e-03+4.71557345e-03j -2.84268561e-03-1.88446385e-02j\n",
      "   2.66877880e-02+1.64787365e-02j  1.52263598e-02+2.06889012e-02j\n",
      "   1.09061936e-02+8.95807382e-20j -1.54922120e-03+1.65974175e-02j\n",
      "   1.67056103e-02+1.28175089e-02j  1.84486852e-02-2.04437688e-02j\n",
      "   5.75202462e-03-7.09791981e-03j  5.11293565e-03+1.09386280e-02j\n",
      "   1.83517579e-02-6.26537873e-03j  1.76159297e-02+2.72419909e-03j\n",
      "   1.21770048e-02+2.22502692e-03j  4.84993477e-03+6.27742961e-03j]\n",
      " [ 1.32205446e-02-2.24819161e-02j -1.11135066e-02+4.73685218e-02j\n",
      "   1.70481187e-03-2.03595194e-02j -3.93316120e-02+2.33503422e-02j\n",
      "   2.61569405e-02-4.16186536e-02j  4.31786129e-02-1.56425101e-02j\n",
      "  -1.54922120e-03-1.65974175e-02j  2.92802595e-02+3.07530220e-19j\n",
      "   6.67772377e-03-2.49809733e-02j -3.65870052e-02-2.41120102e-02j\n",
      "  -1.19819977e-04-9.14105779e-03j  1.94195836e-02-1.95778072e-02j\n",
      "  -1.27705891e-02-2.13347550e-02j  2.94620792e-04-3.37975214e-02j\n",
      "   2.50666735e-03-2.02774117e-02j  1.16633869e-02-2.76608540e-04j]\n",
      " [-1.73631392e-02-1.17985038e-02j -5.51620813e-02+2.67378313e-02j\n",
      "   1.43335810e-02+5.00956201e-02j  1.36381385e-02-6.39014437e-02j\n",
      "   4.76477866e-02-1.26980316e-02j  1.57609030e-02-2.32424180e-02j\n",
      "   1.67056103e-02-1.28175089e-02j  6.67772377e-03+2.49809733e-02j\n",
      "   7.07540240e-02-2.16475339e-19j  1.27131782e-02-5.42122854e-02j\n",
      "  -3.19867685e-02-2.06386710e-02j  4.96714555e-03+3.68336338e-02j\n",
      "   2.58715009e-02-4.64765989e-02j  2.99646199e-02+2.42944524e-03j\n",
      "   1.80775153e-02-7.47626817e-03j  1.18678343e-02-1.97408656e-02j]\n",
      " [ 8.14805358e-03+2.43513083e-02j -3.45259236e-02-7.25436414e-02j\n",
      "  -4.85708846e-03+2.61333039e-02j  4.33747580e-02-4.63972888e-02j\n",
      "   1.09710411e-02+7.55404959e-02j -2.05102971e-02+5.18163262e-02j\n",
      "   1.84486852e-02+2.04437688e-02j -3.65870052e-02+2.41120102e-02j\n",
      "   1.27131782e-02+5.42122854e-02j  7.19679786e-02+1.98335923e-19j\n",
      "   1.40123587e-02-3.38218090e-03j -1.73382393e-02+3.48028899e-02j\n",
      "   4.48501094e-02+1.96951539e-02j  2.38644525e-02+4.29623374e-02j\n",
      "   1.53904884e-02+2.74263283e-02j -3.43564495e-03+1.29262797e-02j]\n",
      " [ 4.66994491e-02+3.88024640e-03j -1.43953782e-02-2.94551217e-02j\n",
      "  -1.13269574e-02-4.49141716e-02j -2.86810179e-02+3.35984701e-02j\n",
      "   1.75906919e-02+3.18904350e-02j  3.26348932e-02+5.75721596e-02j\n",
      "   5.75202462e-03+7.09791981e-03j -1.19819977e-04+9.14105779e-03j\n",
      "  -3.19867685e-02+2.06386710e-02j  1.40123587e-02+3.38218090e-03j\n",
      "   4.29473908e-02+5.29022603e-19j  9.92189339e-03-2.06009837e-02j\n",
      "   9.76042015e-03+2.56602103e-02j  5.86176992e-03-7.56315766e-03j\n",
      "   8.07105174e-03+5.08535793e-03j  4.00356897e-03+3.16803628e-02j]\n",
      " [ 2.78812449e-02+2.04008770e-02j -2.18052714e-02+2.17150184e-02j\n",
      "   4.33992152e-02-2.85705320e-02j -7.44553938e-02-2.07282664e-02j\n",
      "   2.99206244e-02-4.69017790e-03j  1.24372322e-02+4.13963675e-02j\n",
      "   5.11293565e-03-1.09386280e-02j  1.94195836e-02+1.95778072e-02j\n",
      "   4.96714555e-03-3.68336338e-02j -1.73382393e-02-3.48028899e-02j\n",
      "   9.92189339e-03+2.06009837e-02j  4.41865233e-02+1.26494737e-19j\n",
      "  -1.36266084e-02-1.77883350e-02j  2.75373442e-02-2.61019082e-02j\n",
      "   1.25757466e-02-1.01953155e-02j -1.03973831e-02+1.29797645e-02j]\n",
      " [ 1.33854523e-02-9.88291685e-03j -4.86567011e-02-3.09740400e-02j\n",
      "  -2.08204702e-02+1.96932855e-02j  3.23971396e-02-1.94583004e-02j\n",
      "   3.66402115e-02+3.55327074e-02j  2.71492781e-02+2.10400812e-02j\n",
      "   1.83517579e-02+6.26537873e-03j -1.27705891e-02+2.13347550e-02j\n",
      "   2.58715009e-02+4.64765989e-02j  4.48501094e-02-1.96951539e-02j\n",
      "   9.76042015e-03-2.56602103e-02j -1.36266084e-02+1.77883350e-02j\n",
      "   4.31406685e-02+2.86675920e-19j  1.83954035e-02+1.78196630e-02j\n",
      "   1.69259085e-02+9.70034095e-03j  1.60877561e-02+7.82705482e-03j]\n",
      " [ 2.15028525e-02+2.27974064e-02j -4.98153217e-02-9.26795889e-03j\n",
      "   3.44348636e-02+3.65109938e-03j -3.37646819e-02-5.47299038e-02j\n",
      "   4.31739490e-02+2.79337681e-02j  6.66610679e-03+4.99629569e-02j\n",
      "   1.76159297e-02-2.72419909e-03j  2.94620792e-04+3.37975214e-02j\n",
      "   2.99646199e-02-2.42944524e-03j  2.38644525e-02-4.29623374e-02j\n",
      "   5.86176992e-03+7.56315766e-03j  2.75373442e-02+2.61019082e-02j\n",
      "   1.83954035e-02-1.78196630e-02j  4.10778075e-02-1.20315179e-19j\n",
      "   2.24059640e-02+2.53624501e-03j -5.47712968e-03+1.09520557e-02j]\n",
      " [ 1.84007012e-02+3.03401810e-03j -3.64548961e-02-4.80409417e-03j\n",
      "   8.68156029e-03-6.90207692e-04j -1.56404382e-02-2.09632307e-02j\n",
      "   3.37459197e-02+1.50849088e-02j  2.03829802e-02+2.75465322e-02j\n",
      "   1.21770048e-02-2.22502692e-03j  2.50666735e-03+2.02774117e-02j\n",
      "   1.80775153e-02+7.47626817e-03j  1.53904884e-02-2.74263283e-02j\n",
      "   8.07105174e-03-5.08535793e-03j  1.25757466e-02+1.01953155e-02j\n",
      "   1.69259085e-02-9.70034095e-03j  2.24059640e-02-2.53624501e-03j\n",
      "   1.47778760e-02+2.41941260e-19j  4.31421670e-03+8.86065488e-03j]\n",
      " [ 9.17097995e-03-3.66514812e-02j -2.28767929e-02+1.59701671e-02j\n",
      "  -3.27165561e-02-2.35154817e-04j  1.41307972e-02+2.85480666e-02j\n",
      "   2.77496218e-02-1.72918858e-02j  5.08991316e-02-2.09997389e-02j\n",
      "   4.84993477e-03-6.27742961e-03j  1.16633869e-02+2.76608540e-04j\n",
      "   1.18678343e-02+1.97408656e-02j -3.43564495e-03-1.29262797e-02j\n",
      "   4.00356897e-03-3.16803628e-02j -1.03973831e-02-1.29797645e-02j\n",
      "   1.60877561e-02-7.82705482e-03j -5.47712968e-03-1.09520557e-02j\n",
      "   4.31421670e-03-8.86065488e-03j  2.46482732e-02+3.57787624e-19j]]\n",
      "Initial state provided as density matrix.\n",
      "Purity of evolved state: (0.5152021020860151-1.5246593050577406e-17j)\n",
      "Participation ratio: (1.940985869333751+5.744041328020857e-17j)\n",
      "purity of initial state = (0.5152021020860149-2.168404344971009e-18j) \n",
      "Dimension of the Hilbert space: 16\n",
      "Initial state type: <class 'numpy.ndarray'> | initial_state: [[ 6.26140205e-02-5.68940907e-19j -4.08261064e-02-1.27037775e-02j\n",
      "  -7.30867197e-04-5.31560686e-02j -5.74361540e-02+2.57235064e-02j\n",
      "   4.82293429e-02+2.46756931e-02j  5.88126834e-02+6.99613890e-02j\n",
      "   1.25398162e-02-1.23225558e-03j  1.32205446e-02+2.24819161e-02j\n",
      "  -1.73631392e-02+1.17985038e-02j  8.14805358e-03-2.43513083e-02j\n",
      "   4.66994491e-02-3.88024640e-03j  2.78812449e-02-2.04008770e-02j\n",
      "   1.33854523e-02+9.88291685e-03j  2.15028525e-02-2.27974064e-02j\n",
      "   1.84007012e-02-3.03401810e-03j  9.17097995e-03+3.66514812e-02j]\n",
      " [-4.08261064e-02+1.27037775e-02j  9.74439600e-02+2.93690893e-18j\n",
      "  -4.44796421e-03-6.79561598e-03j  2.29429928e-02+4.13001650e-02j\n",
      "  -9.23686813e-02-2.32886000e-02j -6.97758334e-02-4.55682281e-02j\n",
      "  -3.10912871e-02+9.23388302e-03j -1.11135066e-02-4.73685218e-02j\n",
      "  -5.51620813e-02-2.67378313e-02j -3.45259236e-02+7.25436414e-02j\n",
      "  -1.43953782e-02+2.94551217e-02j -2.18052714e-02-2.17150184e-02j\n",
      "  -4.86567011e-02+3.09740400e-02j -4.98153217e-02+9.26795889e-03j\n",
      "  -3.64548961e-02+4.80409417e-03j -2.28767929e-02-1.59701671e-02j]\n",
      " [-7.30867197e-04+5.31560686e-02j -4.44796421e-03+6.79561598e-03j\n",
      "   7.37523131e-02+1.16930451e-18j -6.12313951e-02-7.07319903e-02j\n",
      "   1.63951895e-03+1.07228252e-02j -4.89203280e-02+4.14169713e-02j\n",
      "   2.66932713e-03-4.71557345e-03j  1.70481187e-03+2.03595194e-02j\n",
      "   1.43335810e-02-5.00956201e-02j -4.85708846e-03-2.61333039e-02j\n",
      "  -1.13269574e-02+4.49141716e-02j  4.33992152e-02+2.85705320e-02j\n",
      "  -2.08204702e-02-1.96932855e-02j  3.44348636e-02-3.65109938e-03j\n",
      "   8.68156029e-03+6.90207692e-04j -3.27165561e-02+2.35154817e-04j]\n",
      " [-5.74361540e-02-2.57235064e-02j  2.29429928e-02-4.13001650e-02j\n",
      "  -6.12313951e-02+7.07319903e-02j  1.35755457e-01+2.64010432e-19j\n",
      "  -4.38465940e-02+1.69896735e-02j -3.50032726e-02-6.91130818e-02j\n",
      "  -2.84268561e-03+1.88446385e-02j -3.93316120e-02-2.33503422e-02j\n",
      "   1.36381385e-02+6.39014437e-02j  4.33747580e-02+4.63972888e-02j\n",
      "  -2.86810179e-02-3.35984701e-02j -7.44553938e-02+2.07282664e-02j\n",
      "   3.23971396e-02+1.94583004e-02j -3.37646819e-02+5.47299038e-02j\n",
      "  -1.56404382e-02+2.09632307e-02j  1.41307972e-02-2.85480666e-02j]\n",
      " [ 4.82293429e-02-2.46756931e-02j -9.23686813e-02+2.32886000e-02j\n",
      "   1.63951895e-03-1.07228252e-02j -4.38465940e-02-1.69896735e-02j\n",
      "   9.69128977e-02+1.85402356e-18j  8.99499808e-02+3.61588090e-02j\n",
      "   2.66877880e-02-1.64787365e-02j  2.61569405e-02+4.16186536e-02j\n",
      "   4.76477866e-02+1.26980316e-02j  1.09710411e-02-7.55404959e-02j\n",
      "   1.75906919e-02-3.18904350e-02j  2.99206244e-02+4.69017790e-03j\n",
      "   3.66402115e-02-3.55327074e-02j  4.31739490e-02-2.79337681e-02j\n",
      "   3.37459197e-02-1.50849088e-02j  2.77496218e-02+1.72918858e-02j]\n",
      " [ 5.88126834e-02-6.99613890e-02j -6.97758334e-02+4.55682281e-02j\n",
      "  -4.89203280e-02-4.14169713e-02j -3.50032726e-02+6.91130818e-02j\n",
      "   8.99499808e-02-3.61588090e-02j  1.39834357e-01-8.76584107e-19j\n",
      "   1.52263598e-02-2.06889012e-02j  4.31786129e-02+1.56425101e-02j\n",
      "   1.57609030e-02+2.32424180e-02j -2.05102971e-02-5.18163262e-02j\n",
      "   3.26348932e-02-5.75721596e-02j  1.24372322e-02-4.13963675e-02j\n",
      "   2.71492781e-02-2.10400812e-02j  6.66610679e-03-4.99629569e-02j\n",
      "   2.03829802e-02-2.75465322e-02j  5.08991316e-02+2.09997389e-02j]\n",
      " [ 1.25398162e-02+1.23225558e-03j -3.10912871e-02-9.23388302e-03j\n",
      "   2.66932713e-03+4.71557345e-03j -2.84268561e-03-1.88446385e-02j\n",
      "   2.66877880e-02+1.64787365e-02j  1.52263598e-02+2.06889012e-02j\n",
      "   1.09061936e-02+8.95807382e-20j -1.54922120e-03+1.65974175e-02j\n",
      "   1.67056103e-02+1.28175089e-02j  1.84486852e-02-2.04437688e-02j\n",
      "   5.75202462e-03-7.09791981e-03j  5.11293565e-03+1.09386280e-02j\n",
      "   1.83517579e-02-6.26537873e-03j  1.76159297e-02+2.72419909e-03j\n",
      "   1.21770048e-02+2.22502692e-03j  4.84993477e-03+6.27742961e-03j]\n",
      " [ 1.32205446e-02-2.24819161e-02j -1.11135066e-02+4.73685218e-02j\n",
      "   1.70481187e-03-2.03595194e-02j -3.93316120e-02+2.33503422e-02j\n",
      "   2.61569405e-02-4.16186536e-02j  4.31786129e-02-1.56425101e-02j\n",
      "  -1.54922120e-03-1.65974175e-02j  2.92802595e-02+3.07530220e-19j\n",
      "   6.67772377e-03-2.49809733e-02j -3.65870052e-02-2.41120102e-02j\n",
      "  -1.19819977e-04-9.14105779e-03j  1.94195836e-02-1.95778072e-02j\n",
      "  -1.27705891e-02-2.13347550e-02j  2.94620792e-04-3.37975214e-02j\n",
      "   2.50666735e-03-2.02774117e-02j  1.16633869e-02-2.76608540e-04j]\n",
      " [-1.73631392e-02-1.17985038e-02j -5.51620813e-02+2.67378313e-02j\n",
      "   1.43335810e-02+5.00956201e-02j  1.36381385e-02-6.39014437e-02j\n",
      "   4.76477866e-02-1.26980316e-02j  1.57609030e-02-2.32424180e-02j\n",
      "   1.67056103e-02-1.28175089e-02j  6.67772377e-03+2.49809733e-02j\n",
      "   7.07540240e-02-2.16475339e-19j  1.27131782e-02-5.42122854e-02j\n",
      "  -3.19867685e-02-2.06386710e-02j  4.96714555e-03+3.68336338e-02j\n",
      "   2.58715009e-02-4.64765989e-02j  2.99646199e-02+2.42944524e-03j\n",
      "   1.80775153e-02-7.47626817e-03j  1.18678343e-02-1.97408656e-02j]\n",
      " [ 8.14805358e-03+2.43513083e-02j -3.45259236e-02-7.25436414e-02j\n",
      "  -4.85708846e-03+2.61333039e-02j  4.33747580e-02-4.63972888e-02j\n",
      "   1.09710411e-02+7.55404959e-02j -2.05102971e-02+5.18163262e-02j\n",
      "   1.84486852e-02+2.04437688e-02j -3.65870052e-02+2.41120102e-02j\n",
      "   1.27131782e-02+5.42122854e-02j  7.19679786e-02+1.98335923e-19j\n",
      "   1.40123587e-02-3.38218090e-03j -1.73382393e-02+3.48028899e-02j\n",
      "   4.48501094e-02+1.96951539e-02j  2.38644525e-02+4.29623374e-02j\n",
      "   1.53904884e-02+2.74263283e-02j -3.43564495e-03+1.29262797e-02j]\n",
      " [ 4.66994491e-02+3.88024640e-03j -1.43953782e-02-2.94551217e-02j\n",
      "  -1.13269574e-02-4.49141716e-02j -2.86810179e-02+3.35984701e-02j\n",
      "   1.75906919e-02+3.18904350e-02j  3.26348932e-02+5.75721596e-02j\n",
      "   5.75202462e-03+7.09791981e-03j -1.19819977e-04+9.14105779e-03j\n",
      "  -3.19867685e-02+2.06386710e-02j  1.40123587e-02+3.38218090e-03j\n",
      "   4.29473908e-02+5.29022603e-19j  9.92189339e-03-2.06009837e-02j\n",
      "   9.76042015e-03+2.56602103e-02j  5.86176992e-03-7.56315766e-03j\n",
      "   8.07105174e-03+5.08535793e-03j  4.00356897e-03+3.16803628e-02j]\n",
      " [ 2.78812449e-02+2.04008770e-02j -2.18052714e-02+2.17150184e-02j\n",
      "   4.33992152e-02-2.85705320e-02j -7.44553938e-02-2.07282664e-02j\n",
      "   2.99206244e-02-4.69017790e-03j  1.24372322e-02+4.13963675e-02j\n",
      "   5.11293565e-03-1.09386280e-02j  1.94195836e-02+1.95778072e-02j\n",
      "   4.96714555e-03-3.68336338e-02j -1.73382393e-02-3.48028899e-02j\n",
      "   9.92189339e-03+2.06009837e-02j  4.41865233e-02+1.26494737e-19j\n",
      "  -1.36266084e-02-1.77883350e-02j  2.75373442e-02-2.61019082e-02j\n",
      "   1.25757466e-02-1.01953155e-02j -1.03973831e-02+1.29797645e-02j]\n",
      " [ 1.33854523e-02-9.88291685e-03j -4.86567011e-02-3.09740400e-02j\n",
      "  -2.08204702e-02+1.96932855e-02j  3.23971396e-02-1.94583004e-02j\n",
      "   3.66402115e-02+3.55327074e-02j  2.71492781e-02+2.10400812e-02j\n",
      "   1.83517579e-02+6.26537873e-03j -1.27705891e-02+2.13347550e-02j\n",
      "   2.58715009e-02+4.64765989e-02j  4.48501094e-02-1.96951539e-02j\n",
      "   9.76042015e-03-2.56602103e-02j -1.36266084e-02+1.77883350e-02j\n",
      "   4.31406685e-02+2.86675920e-19j  1.83954035e-02+1.78196630e-02j\n",
      "   1.69259085e-02+9.70034095e-03j  1.60877561e-02+7.82705482e-03j]\n",
      " [ 2.15028525e-02+2.27974064e-02j -4.98153217e-02-9.26795889e-03j\n",
      "   3.44348636e-02+3.65109938e-03j -3.37646819e-02-5.47299038e-02j\n",
      "   4.31739490e-02+2.79337681e-02j  6.66610679e-03+4.99629569e-02j\n",
      "   1.76159297e-02-2.72419909e-03j  2.94620792e-04+3.37975214e-02j\n",
      "   2.99646199e-02-2.42944524e-03j  2.38644525e-02-4.29623374e-02j\n",
      "   5.86176992e-03+7.56315766e-03j  2.75373442e-02+2.61019082e-02j\n",
      "   1.83954035e-02-1.78196630e-02j  4.10778075e-02-1.20315179e-19j\n",
      "   2.24059640e-02+2.53624501e-03j -5.47712968e-03+1.09520557e-02j]\n",
      " [ 1.84007012e-02+3.03401810e-03j -3.64548961e-02-4.80409417e-03j\n",
      "   8.68156029e-03-6.90207692e-04j -1.56404382e-02-2.09632307e-02j\n",
      "   3.37459197e-02+1.50849088e-02j  2.03829802e-02+2.75465322e-02j\n",
      "   1.21770048e-02-2.22502692e-03j  2.50666735e-03+2.02774117e-02j\n",
      "   1.80775153e-02+7.47626817e-03j  1.53904884e-02-2.74263283e-02j\n",
      "   8.07105174e-03-5.08535793e-03j  1.25757466e-02+1.01953155e-02j\n",
      "   1.69259085e-02-9.70034095e-03j  2.24059640e-02-2.53624501e-03j\n",
      "   1.47778760e-02+2.41941260e-19j  4.31421670e-03+8.86065488e-03j]\n",
      " [ 9.17097995e-03-3.66514812e-02j -2.28767929e-02+1.59701671e-02j\n",
      "  -3.27165561e-02-2.35154817e-04j  1.41307972e-02+2.85480666e-02j\n",
      "   2.77496218e-02-1.72918858e-02j  5.08991316e-02-2.09997389e-02j\n",
      "   4.84993477e-03-6.27742961e-03j  1.16633869e-02+2.76608540e-04j\n",
      "   1.18678343e-02+1.97408656e-02j -3.43564495e-03-1.29262797e-02j\n",
      "   4.00356897e-03-3.16803628e-02j -1.03973831e-02-1.29797645e-02j\n",
      "   1.60877561e-02-7.82705482e-03j -5.47712968e-03-1.09520557e-02j\n",
      "   4.31421670e-03-8.86065488e-03j  2.46482732e-02+3.57787624e-19j]]\n",
      "Initial state provided as density matrix.\n",
      "Purity of evolved state: (0.5152021020860151+2.4191260973582818e-18j)\n",
      "Participation ratio: (1.940985869333751-9.113878907126426e-18j)\n",
      "purity of initial state = (0.5152021020860149-2.168404344971009e-18j) \n",
      "Dimension of the Hilbert space: 16\n",
      "Initial state type: <class 'numpy.ndarray'> | initial_state: [[ 6.26140205e-02-5.68940907e-19j -4.08261064e-02-1.27037775e-02j\n",
      "  -7.30867197e-04-5.31560686e-02j -5.74361540e-02+2.57235064e-02j\n",
      "   4.82293429e-02+2.46756931e-02j  5.88126834e-02+6.99613890e-02j\n",
      "   1.25398162e-02-1.23225558e-03j  1.32205446e-02+2.24819161e-02j\n",
      "  -1.73631392e-02+1.17985038e-02j  8.14805358e-03-2.43513083e-02j\n",
      "   4.66994491e-02-3.88024640e-03j  2.78812449e-02-2.04008770e-02j\n",
      "   1.33854523e-02+9.88291685e-03j  2.15028525e-02-2.27974064e-02j\n",
      "   1.84007012e-02-3.03401810e-03j  9.17097995e-03+3.66514812e-02j]\n",
      " [-4.08261064e-02+1.27037775e-02j  9.74439600e-02+2.93690893e-18j\n",
      "  -4.44796421e-03-6.79561598e-03j  2.29429928e-02+4.13001650e-02j\n",
      "  -9.23686813e-02-2.32886000e-02j -6.97758334e-02-4.55682281e-02j\n",
      "  -3.10912871e-02+9.23388302e-03j -1.11135066e-02-4.73685218e-02j\n",
      "  -5.51620813e-02-2.67378313e-02j -3.45259236e-02+7.25436414e-02j\n",
      "  -1.43953782e-02+2.94551217e-02j -2.18052714e-02-2.17150184e-02j\n",
      "  -4.86567011e-02+3.09740400e-02j -4.98153217e-02+9.26795889e-03j\n",
      "  -3.64548961e-02+4.80409417e-03j -2.28767929e-02-1.59701671e-02j]\n",
      " [-7.30867197e-04+5.31560686e-02j -4.44796421e-03+6.79561598e-03j\n",
      "   7.37523131e-02+1.16930451e-18j -6.12313951e-02-7.07319903e-02j\n",
      "   1.63951895e-03+1.07228252e-02j -4.89203280e-02+4.14169713e-02j\n",
      "   2.66932713e-03-4.71557345e-03j  1.70481187e-03+2.03595194e-02j\n",
      "   1.43335810e-02-5.00956201e-02j -4.85708846e-03-2.61333039e-02j\n",
      "  -1.13269574e-02+4.49141716e-02j  4.33992152e-02+2.85705320e-02j\n",
      "  -2.08204702e-02-1.96932855e-02j  3.44348636e-02-3.65109938e-03j\n",
      "   8.68156029e-03+6.90207692e-04j -3.27165561e-02+2.35154817e-04j]\n",
      " [-5.74361540e-02-2.57235064e-02j  2.29429928e-02-4.13001650e-02j\n",
      "  -6.12313951e-02+7.07319903e-02j  1.35755457e-01+2.64010432e-19j\n",
      "  -4.38465940e-02+1.69896735e-02j -3.50032726e-02-6.91130818e-02j\n",
      "  -2.84268561e-03+1.88446385e-02j -3.93316120e-02-2.33503422e-02j\n",
      "   1.36381385e-02+6.39014437e-02j  4.33747580e-02+4.63972888e-02j\n",
      "  -2.86810179e-02-3.35984701e-02j -7.44553938e-02+2.07282664e-02j\n",
      "   3.23971396e-02+1.94583004e-02j -3.37646819e-02+5.47299038e-02j\n",
      "  -1.56404382e-02+2.09632307e-02j  1.41307972e-02-2.85480666e-02j]\n",
      " [ 4.82293429e-02-2.46756931e-02j -9.23686813e-02+2.32886000e-02j\n",
      "   1.63951895e-03-1.07228252e-02j -4.38465940e-02-1.69896735e-02j\n",
      "   9.69128977e-02+1.85402356e-18j  8.99499808e-02+3.61588090e-02j\n",
      "   2.66877880e-02-1.64787365e-02j  2.61569405e-02+4.16186536e-02j\n",
      "   4.76477866e-02+1.26980316e-02j  1.09710411e-02-7.55404959e-02j\n",
      "   1.75906919e-02-3.18904350e-02j  2.99206244e-02+4.69017790e-03j\n",
      "   3.66402115e-02-3.55327074e-02j  4.31739490e-02-2.79337681e-02j\n",
      "   3.37459197e-02-1.50849088e-02j  2.77496218e-02+1.72918858e-02j]\n",
      " [ 5.88126834e-02-6.99613890e-02j -6.97758334e-02+4.55682281e-02j\n",
      "  -4.89203280e-02-4.14169713e-02j -3.50032726e-02+6.91130818e-02j\n",
      "   8.99499808e-02-3.61588090e-02j  1.39834357e-01-8.76584107e-19j\n",
      "   1.52263598e-02-2.06889012e-02j  4.31786129e-02+1.56425101e-02j\n",
      "   1.57609030e-02+2.32424180e-02j -2.05102971e-02-5.18163262e-02j\n",
      "   3.26348932e-02-5.75721596e-02j  1.24372322e-02-4.13963675e-02j\n",
      "   2.71492781e-02-2.10400812e-02j  6.66610679e-03-4.99629569e-02j\n",
      "   2.03829802e-02-2.75465322e-02j  5.08991316e-02+2.09997389e-02j]\n",
      " [ 1.25398162e-02+1.23225558e-03j -3.10912871e-02-9.23388302e-03j\n",
      "   2.66932713e-03+4.71557345e-03j -2.84268561e-03-1.88446385e-02j\n",
      "   2.66877880e-02+1.64787365e-02j  1.52263598e-02+2.06889012e-02j\n",
      "   1.09061936e-02+8.95807382e-20j -1.54922120e-03+1.65974175e-02j\n",
      "   1.67056103e-02+1.28175089e-02j  1.84486852e-02-2.04437688e-02j\n",
      "   5.75202462e-03-7.09791981e-03j  5.11293565e-03+1.09386280e-02j\n",
      "   1.83517579e-02-6.26537873e-03j  1.76159297e-02+2.72419909e-03j\n",
      "   1.21770048e-02+2.22502692e-03j  4.84993477e-03+6.27742961e-03j]\n",
      " [ 1.32205446e-02-2.24819161e-02j -1.11135066e-02+4.73685218e-02j\n",
      "   1.70481187e-03-2.03595194e-02j -3.93316120e-02+2.33503422e-02j\n",
      "   2.61569405e-02-4.16186536e-02j  4.31786129e-02-1.56425101e-02j\n",
      "  -1.54922120e-03-1.65974175e-02j  2.92802595e-02+3.07530220e-19j\n",
      "   6.67772377e-03-2.49809733e-02j -3.65870052e-02-2.41120102e-02j\n",
      "  -1.19819977e-04-9.14105779e-03j  1.94195836e-02-1.95778072e-02j\n",
      "  -1.27705891e-02-2.13347550e-02j  2.94620792e-04-3.37975214e-02j\n",
      "   2.50666735e-03-2.02774117e-02j  1.16633869e-02-2.76608540e-04j]\n",
      " [-1.73631392e-02-1.17985038e-02j -5.51620813e-02+2.67378313e-02j\n",
      "   1.43335810e-02+5.00956201e-02j  1.36381385e-02-6.39014437e-02j\n",
      "   4.76477866e-02-1.26980316e-02j  1.57609030e-02-2.32424180e-02j\n",
      "   1.67056103e-02-1.28175089e-02j  6.67772377e-03+2.49809733e-02j\n",
      "   7.07540240e-02-2.16475339e-19j  1.27131782e-02-5.42122854e-02j\n",
      "  -3.19867685e-02-2.06386710e-02j  4.96714555e-03+3.68336338e-02j\n",
      "   2.58715009e-02-4.64765989e-02j  2.99646199e-02+2.42944524e-03j\n",
      "   1.80775153e-02-7.47626817e-03j  1.18678343e-02-1.97408656e-02j]\n",
      " [ 8.14805358e-03+2.43513083e-02j -3.45259236e-02-7.25436414e-02j\n",
      "  -4.85708846e-03+2.61333039e-02j  4.33747580e-02-4.63972888e-02j\n",
      "   1.09710411e-02+7.55404959e-02j -2.05102971e-02+5.18163262e-02j\n",
      "   1.84486852e-02+2.04437688e-02j -3.65870052e-02+2.41120102e-02j\n",
      "   1.27131782e-02+5.42122854e-02j  7.19679786e-02+1.98335923e-19j\n",
      "   1.40123587e-02-3.38218090e-03j -1.73382393e-02+3.48028899e-02j\n",
      "   4.48501094e-02+1.96951539e-02j  2.38644525e-02+4.29623374e-02j\n",
      "   1.53904884e-02+2.74263283e-02j -3.43564495e-03+1.29262797e-02j]\n",
      " [ 4.66994491e-02+3.88024640e-03j -1.43953782e-02-2.94551217e-02j\n",
      "  -1.13269574e-02-4.49141716e-02j -2.86810179e-02+3.35984701e-02j\n",
      "   1.75906919e-02+3.18904350e-02j  3.26348932e-02+5.75721596e-02j\n",
      "   5.75202462e-03+7.09791981e-03j -1.19819977e-04+9.14105779e-03j\n",
      "  -3.19867685e-02+2.06386710e-02j  1.40123587e-02+3.38218090e-03j\n",
      "   4.29473908e-02+5.29022603e-19j  9.92189339e-03-2.06009837e-02j\n",
      "   9.76042015e-03+2.56602103e-02j  5.86176992e-03-7.56315766e-03j\n",
      "   8.07105174e-03+5.08535793e-03j  4.00356897e-03+3.16803628e-02j]\n",
      " [ 2.78812449e-02+2.04008770e-02j -2.18052714e-02+2.17150184e-02j\n",
      "   4.33992152e-02-2.85705320e-02j -7.44553938e-02-2.07282664e-02j\n",
      "   2.99206244e-02-4.69017790e-03j  1.24372322e-02+4.13963675e-02j\n",
      "   5.11293565e-03-1.09386280e-02j  1.94195836e-02+1.95778072e-02j\n",
      "   4.96714555e-03-3.68336338e-02j -1.73382393e-02-3.48028899e-02j\n",
      "   9.92189339e-03+2.06009837e-02j  4.41865233e-02+1.26494737e-19j\n",
      "  -1.36266084e-02-1.77883350e-02j  2.75373442e-02-2.61019082e-02j\n",
      "   1.25757466e-02-1.01953155e-02j -1.03973831e-02+1.29797645e-02j]\n",
      " [ 1.33854523e-02-9.88291685e-03j -4.86567011e-02-3.09740400e-02j\n",
      "  -2.08204702e-02+1.96932855e-02j  3.23971396e-02-1.94583004e-02j\n",
      "   3.66402115e-02+3.55327074e-02j  2.71492781e-02+2.10400812e-02j\n",
      "   1.83517579e-02+6.26537873e-03j -1.27705891e-02+2.13347550e-02j\n",
      "   2.58715009e-02+4.64765989e-02j  4.48501094e-02-1.96951539e-02j\n",
      "   9.76042015e-03-2.56602103e-02j -1.36266084e-02+1.77883350e-02j\n",
      "   4.31406685e-02+2.86675920e-19j  1.83954035e-02+1.78196630e-02j\n",
      "   1.69259085e-02+9.70034095e-03j  1.60877561e-02+7.82705482e-03j]\n",
      " [ 2.15028525e-02+2.27974064e-02j -4.98153217e-02-9.26795889e-03j\n",
      "   3.44348636e-02+3.65109938e-03j -3.37646819e-02-5.47299038e-02j\n",
      "   4.31739490e-02+2.79337681e-02j  6.66610679e-03+4.99629569e-02j\n",
      "   1.76159297e-02-2.72419909e-03j  2.94620792e-04+3.37975214e-02j\n",
      "   2.99646199e-02-2.42944524e-03j  2.38644525e-02-4.29623374e-02j\n",
      "   5.86176992e-03+7.56315766e-03j  2.75373442e-02+2.61019082e-02j\n",
      "   1.83954035e-02-1.78196630e-02j  4.10778075e-02-1.20315179e-19j\n",
      "   2.24059640e-02+2.53624501e-03j -5.47712968e-03+1.09520557e-02j]\n",
      " [ 1.84007012e-02+3.03401810e-03j -3.64548961e-02-4.80409417e-03j\n",
      "   8.68156029e-03-6.90207692e-04j -1.56404382e-02-2.09632307e-02j\n",
      "   3.37459197e-02+1.50849088e-02j  2.03829802e-02+2.75465322e-02j\n",
      "   1.21770048e-02-2.22502692e-03j  2.50666735e-03+2.02774117e-02j\n",
      "   1.80775153e-02+7.47626817e-03j  1.53904884e-02-2.74263283e-02j\n",
      "   8.07105174e-03-5.08535793e-03j  1.25757466e-02+1.01953155e-02j\n",
      "   1.69259085e-02-9.70034095e-03j  2.24059640e-02-2.53624501e-03j\n",
      "   1.47778760e-02+2.41941260e-19j  4.31421670e-03+8.86065488e-03j]\n",
      " [ 9.17097995e-03-3.66514812e-02j -2.28767929e-02+1.59701671e-02j\n",
      "  -3.27165561e-02-2.35154817e-04j  1.41307972e-02+2.85480666e-02j\n",
      "   2.77496218e-02-1.72918858e-02j  5.08991316e-02-2.09997389e-02j\n",
      "   4.84993477e-03-6.27742961e-03j  1.16633869e-02+2.76608540e-04j\n",
      "   1.18678343e-02+1.97408656e-02j -3.43564495e-03-1.29262797e-02j\n",
      "   4.00356897e-03-3.16803628e-02j -1.03973831e-02-1.29797645e-02j\n",
      "   1.60877561e-02-7.82705482e-03j -5.47712968e-03-1.09520557e-02j\n",
      "   4.31421670e-03-8.86065488e-03j  2.46482732e-02+3.57787624e-19j]]\n",
      "Initial state provided as density matrix.\n",
      "Purity of evolved state: (0.515202102086015-9.337691210531407e-18j)\n",
      "Participation ratio: (1.9409858693337514+3.517906200005664e-17j)\n",
      "purity of initial state = (0.5152021020860149-2.168404344971009e-18j) \n",
      "Dimension of the Hilbert space: 16\n",
      "Initial state type: <class 'numpy.ndarray'> | initial_state: [[ 6.26140205e-02-5.68940907e-19j -4.08261064e-02-1.27037775e-02j\n",
      "  -7.30867197e-04-5.31560686e-02j -5.74361540e-02+2.57235064e-02j\n",
      "   4.82293429e-02+2.46756931e-02j  5.88126834e-02+6.99613890e-02j\n",
      "   1.25398162e-02-1.23225558e-03j  1.32205446e-02+2.24819161e-02j\n",
      "  -1.73631392e-02+1.17985038e-02j  8.14805358e-03-2.43513083e-02j\n",
      "   4.66994491e-02-3.88024640e-03j  2.78812449e-02-2.04008770e-02j\n",
      "   1.33854523e-02+9.88291685e-03j  2.15028525e-02-2.27974064e-02j\n",
      "   1.84007012e-02-3.03401810e-03j  9.17097995e-03+3.66514812e-02j]\n",
      " [-4.08261064e-02+1.27037775e-02j  9.74439600e-02+2.93690893e-18j\n",
      "  -4.44796421e-03-6.79561598e-03j  2.29429928e-02+4.13001650e-02j\n",
      "  -9.23686813e-02-2.32886000e-02j -6.97758334e-02-4.55682281e-02j\n",
      "  -3.10912871e-02+9.23388302e-03j -1.11135066e-02-4.73685218e-02j\n",
      "  -5.51620813e-02-2.67378313e-02j -3.45259236e-02+7.25436414e-02j\n",
      "  -1.43953782e-02+2.94551217e-02j -2.18052714e-02-2.17150184e-02j\n",
      "  -4.86567011e-02+3.09740400e-02j -4.98153217e-02+9.26795889e-03j\n",
      "  -3.64548961e-02+4.80409417e-03j -2.28767929e-02-1.59701671e-02j]\n",
      " [-7.30867197e-04+5.31560686e-02j -4.44796421e-03+6.79561598e-03j\n",
      "   7.37523131e-02+1.16930451e-18j -6.12313951e-02-7.07319903e-02j\n",
      "   1.63951895e-03+1.07228252e-02j -4.89203280e-02+4.14169713e-02j\n",
      "   2.66932713e-03-4.71557345e-03j  1.70481187e-03+2.03595194e-02j\n",
      "   1.43335810e-02-5.00956201e-02j -4.85708846e-03-2.61333039e-02j\n",
      "  -1.13269574e-02+4.49141716e-02j  4.33992152e-02+2.85705320e-02j\n",
      "  -2.08204702e-02-1.96932855e-02j  3.44348636e-02-3.65109938e-03j\n",
      "   8.68156029e-03+6.90207692e-04j -3.27165561e-02+2.35154817e-04j]\n",
      " [-5.74361540e-02-2.57235064e-02j  2.29429928e-02-4.13001650e-02j\n",
      "  -6.12313951e-02+7.07319903e-02j  1.35755457e-01+2.64010432e-19j\n",
      "  -4.38465940e-02+1.69896735e-02j -3.50032726e-02-6.91130818e-02j\n",
      "  -2.84268561e-03+1.88446385e-02j -3.93316120e-02-2.33503422e-02j\n",
      "   1.36381385e-02+6.39014437e-02j  4.33747580e-02+4.63972888e-02j\n",
      "  -2.86810179e-02-3.35984701e-02j -7.44553938e-02+2.07282664e-02j\n",
      "   3.23971396e-02+1.94583004e-02j -3.37646819e-02+5.47299038e-02j\n",
      "  -1.56404382e-02+2.09632307e-02j  1.41307972e-02-2.85480666e-02j]\n",
      " [ 4.82293429e-02-2.46756931e-02j -9.23686813e-02+2.32886000e-02j\n",
      "   1.63951895e-03-1.07228252e-02j -4.38465940e-02-1.69896735e-02j\n",
      "   9.69128977e-02+1.85402356e-18j  8.99499808e-02+3.61588090e-02j\n",
      "   2.66877880e-02-1.64787365e-02j  2.61569405e-02+4.16186536e-02j\n",
      "   4.76477866e-02+1.26980316e-02j  1.09710411e-02-7.55404959e-02j\n",
      "   1.75906919e-02-3.18904350e-02j  2.99206244e-02+4.69017790e-03j\n",
      "   3.66402115e-02-3.55327074e-02j  4.31739490e-02-2.79337681e-02j\n",
      "   3.37459197e-02-1.50849088e-02j  2.77496218e-02+1.72918858e-02j]\n",
      " [ 5.88126834e-02-6.99613890e-02j -6.97758334e-02+4.55682281e-02j\n",
      "  -4.89203280e-02-4.14169713e-02j -3.50032726e-02+6.91130818e-02j\n",
      "   8.99499808e-02-3.61588090e-02j  1.39834357e-01-8.76584107e-19j\n",
      "   1.52263598e-02-2.06889012e-02j  4.31786129e-02+1.56425101e-02j\n",
      "   1.57609030e-02+2.32424180e-02j -2.05102971e-02-5.18163262e-02j\n",
      "   3.26348932e-02-5.75721596e-02j  1.24372322e-02-4.13963675e-02j\n",
      "   2.71492781e-02-2.10400812e-02j  6.66610679e-03-4.99629569e-02j\n",
      "   2.03829802e-02-2.75465322e-02j  5.08991316e-02+2.09997389e-02j]\n",
      " [ 1.25398162e-02+1.23225558e-03j -3.10912871e-02-9.23388302e-03j\n",
      "   2.66932713e-03+4.71557345e-03j -2.84268561e-03-1.88446385e-02j\n",
      "   2.66877880e-02+1.64787365e-02j  1.52263598e-02+2.06889012e-02j\n",
      "   1.09061936e-02+8.95807382e-20j -1.54922120e-03+1.65974175e-02j\n",
      "   1.67056103e-02+1.28175089e-02j  1.84486852e-02-2.04437688e-02j\n",
      "   5.75202462e-03-7.09791981e-03j  5.11293565e-03+1.09386280e-02j\n",
      "   1.83517579e-02-6.26537873e-03j  1.76159297e-02+2.72419909e-03j\n",
      "   1.21770048e-02+2.22502692e-03j  4.84993477e-03+6.27742961e-03j]\n",
      " [ 1.32205446e-02-2.24819161e-02j -1.11135066e-02+4.73685218e-02j\n",
      "   1.70481187e-03-2.03595194e-02j -3.93316120e-02+2.33503422e-02j\n",
      "   2.61569405e-02-4.16186536e-02j  4.31786129e-02-1.56425101e-02j\n",
      "  -1.54922120e-03-1.65974175e-02j  2.92802595e-02+3.07530220e-19j\n",
      "   6.67772377e-03-2.49809733e-02j -3.65870052e-02-2.41120102e-02j\n",
      "  -1.19819977e-04-9.14105779e-03j  1.94195836e-02-1.95778072e-02j\n",
      "  -1.27705891e-02-2.13347550e-02j  2.94620792e-04-3.37975214e-02j\n",
      "   2.50666735e-03-2.02774117e-02j  1.16633869e-02-2.76608540e-04j]\n",
      " [-1.73631392e-02-1.17985038e-02j -5.51620813e-02+2.67378313e-02j\n",
      "   1.43335810e-02+5.00956201e-02j  1.36381385e-02-6.39014437e-02j\n",
      "   4.76477866e-02-1.26980316e-02j  1.57609030e-02-2.32424180e-02j\n",
      "   1.67056103e-02-1.28175089e-02j  6.67772377e-03+2.49809733e-02j\n",
      "   7.07540240e-02-2.16475339e-19j  1.27131782e-02-5.42122854e-02j\n",
      "  -3.19867685e-02-2.06386710e-02j  4.96714555e-03+3.68336338e-02j\n",
      "   2.58715009e-02-4.64765989e-02j  2.99646199e-02+2.42944524e-03j\n",
      "   1.80775153e-02-7.47626817e-03j  1.18678343e-02-1.97408656e-02j]\n",
      " [ 8.14805358e-03+2.43513083e-02j -3.45259236e-02-7.25436414e-02j\n",
      "  -4.85708846e-03+2.61333039e-02j  4.33747580e-02-4.63972888e-02j\n",
      "   1.09710411e-02+7.55404959e-02j -2.05102971e-02+5.18163262e-02j\n",
      "   1.84486852e-02+2.04437688e-02j -3.65870052e-02+2.41120102e-02j\n",
      "   1.27131782e-02+5.42122854e-02j  7.19679786e-02+1.98335923e-19j\n",
      "   1.40123587e-02-3.38218090e-03j -1.73382393e-02+3.48028899e-02j\n",
      "   4.48501094e-02+1.96951539e-02j  2.38644525e-02+4.29623374e-02j\n",
      "   1.53904884e-02+2.74263283e-02j -3.43564495e-03+1.29262797e-02j]\n",
      " [ 4.66994491e-02+3.88024640e-03j -1.43953782e-02-2.94551217e-02j\n",
      "  -1.13269574e-02-4.49141716e-02j -2.86810179e-02+3.35984701e-02j\n",
      "   1.75906919e-02+3.18904350e-02j  3.26348932e-02+5.75721596e-02j\n",
      "   5.75202462e-03+7.09791981e-03j -1.19819977e-04+9.14105779e-03j\n",
      "  -3.19867685e-02+2.06386710e-02j  1.40123587e-02+3.38218090e-03j\n",
      "   4.29473908e-02+5.29022603e-19j  9.92189339e-03-2.06009837e-02j\n",
      "   9.76042015e-03+2.56602103e-02j  5.86176992e-03-7.56315766e-03j\n",
      "   8.07105174e-03+5.08535793e-03j  4.00356897e-03+3.16803628e-02j]\n",
      " [ 2.78812449e-02+2.04008770e-02j -2.18052714e-02+2.17150184e-02j\n",
      "   4.33992152e-02-2.85705320e-02j -7.44553938e-02-2.07282664e-02j\n",
      "   2.99206244e-02-4.69017790e-03j  1.24372322e-02+4.13963675e-02j\n",
      "   5.11293565e-03-1.09386280e-02j  1.94195836e-02+1.95778072e-02j\n",
      "   4.96714555e-03-3.68336338e-02j -1.73382393e-02-3.48028899e-02j\n",
      "   9.92189339e-03+2.06009837e-02j  4.41865233e-02+1.26494737e-19j\n",
      "  -1.36266084e-02-1.77883350e-02j  2.75373442e-02-2.61019082e-02j\n",
      "   1.25757466e-02-1.01953155e-02j -1.03973831e-02+1.29797645e-02j]\n",
      " [ 1.33854523e-02-9.88291685e-03j -4.86567011e-02-3.09740400e-02j\n",
      "  -2.08204702e-02+1.96932855e-02j  3.23971396e-02-1.94583004e-02j\n",
      "   3.66402115e-02+3.55327074e-02j  2.71492781e-02+2.10400812e-02j\n",
      "   1.83517579e-02+6.26537873e-03j -1.27705891e-02+2.13347550e-02j\n",
      "   2.58715009e-02+4.64765989e-02j  4.48501094e-02-1.96951539e-02j\n",
      "   9.76042015e-03-2.56602103e-02j -1.36266084e-02+1.77883350e-02j\n",
      "   4.31406685e-02+2.86675920e-19j  1.83954035e-02+1.78196630e-02j\n",
      "   1.69259085e-02+9.70034095e-03j  1.60877561e-02+7.82705482e-03j]\n",
      " [ 2.15028525e-02+2.27974064e-02j -4.98153217e-02-9.26795889e-03j\n",
      "   3.44348636e-02+3.65109938e-03j -3.37646819e-02-5.47299038e-02j\n",
      "   4.31739490e-02+2.79337681e-02j  6.66610679e-03+4.99629569e-02j\n",
