{
 "cells": [
  {
   "cell_type": "code",
   "execution_count": 223,
   "metadata": {},
   "outputs": [],
   "source": [
    "from importlib import reload\n",
    "import numpy as np\n",
    "import matplotlib.pyplot as plt\n",
    "import seaborn as sns\n",
    "import pipeline_v200\n",
    "reload(pipeline_v200)\n",
    "import helper_functions\n",
    "import qutip\n",
    "\n",
    "sns.set_palette(\"Set2\")\n",
    "# sns.color_palette(\"Set2\")"
   ]
  },
  {
   "cell_type": "code",
   "execution_count": 244,
   "metadata": {},
   "outputs": [
    {
     "name": "stdout",
     "output_type": "stream",
     "text": [
      "Generating random mixed density matrix\n",
      "purity of initial state = (0.06088922941946305+8.978549240895584e-20j) \n",
      "Dimension of the Hilbert space: 32\n",
      "Initial state type: <class 'numpy.ndarray'> | initial_state: [[ 0.02641571-2.51177665e-20j  0.00571842-4.03290000e-03j\n",
      "  -0.00395381+3.46918318e-03j ...  0.00301443-4.17337450e-03j\n",
      "  -0.00296908-5.94055013e-03j  0.00200467+3.78434082e-03j]\n",
      " [ 0.00571842+4.03290000e-03j  0.04189149+1.75260275e-19j\n",
      "  -0.0030727 +5.53878953e-03j ...  0.00639661+3.63119812e-04j\n",
      "   0.0018086 -1.66003016e-03j -0.00211774+3.23281892e-03j]\n",
      " [-0.00395381-3.46918318e-03j -0.0030727 -5.53878953e-03j\n",
      "   0.05032625+1.66827198e-19j ... -0.00743575-1.19601209e-03j\n",
      "   0.00023657-8.30125565e-03j  0.00343588+1.22920082e-03j]\n",
      " ...\n",
      " [ 0.00301443+4.17337450e-03j  0.00639661-3.63119812e-04j\n",
      "  -0.00743575+1.19601209e-03j ...  0.03071099+8.84009138e-20j\n",
      "  -0.00786489+6.66706764e-03j -0.00708478-5.33586441e-03j]\n",
      " [-0.00296908+5.94055013e-03j  0.0018086 +1.66003016e-03j\n",
      "   0.00023657+8.30125565e-03j ... -0.00786489-6.66706764e-03j\n",
      "   0.03546038-1.54215897e-19j  0.002364  +6.79138146e-03j]\n",
      " [ 0.00200467-3.78434082e-03j -0.00211774-3.23281892e-03j\n",
      "   0.00343588-1.22920082e-03j ... -0.00708478+5.33586441e-03j\n",
      "   0.002364  -6.79138146e-03j  0.02915237-4.18949172e-20j]]\n",
      "Initial state provided as density matrix.\n",
      "Purity of evolved state: (0.06088922941946306+8.512681119905718e-20j)\n",
      "Participation ratio: (16.423265814567085-2.2960715082094578e-17j)\n",
      "purity of initial state = (0.06088922941946305+8.978549240895584e-20j) \n",
      "Dimension of the Hilbert space: 32\n",
      "Initial state type: <class 'numpy.ndarray'> | initial_state: [[ 0.02641571-2.51177665e-20j  0.00571842-4.03290000e-03j\n",
      "  -0.00395381+3.46918318e-03j ...  0.00301443-4.17337450e-03j\n",
      "  -0.00296908-5.94055013e-03j  0.00200467+3.78434082e-03j]\n",
      " [ 0.00571842+4.03290000e-03j  0.04189149+1.75260275e-19j\n",
      "  -0.0030727 +5.53878953e-03j ...  0.00639661+3.63119812e-04j\n",
      "   0.0018086 -1.66003016e-03j -0.00211774+3.23281892e-03j]\n",
      " [-0.00395381-3.46918318e-03j -0.0030727 -5.53878953e-03j\n",
      "   0.05032625+1.66827198e-19j ... -0.00743575-1.19601209e-03j\n",
      "   0.00023657-8.30125565e-03j  0.00343588+1.22920082e-03j]\n",
      " ...\n",
      " [ 0.00301443+4.17337450e-03j  0.00639661-3.63119812e-04j\n",
      "  -0.00743575+1.19601209e-03j ...  0.03071099+8.84009138e-20j\n",
      "  -0.00786489+6.66706764e-03j -0.00708478-5.33586441e-03j]\n",
      " [-0.00296908+5.94055013e-03j  0.0018086 +1.66003016e-03j\n",
      "   0.00023657+8.30125565e-03j ... -0.00786489-6.66706764e-03j\n",
      "   0.03546038-1.54215897e-19j  0.002364  +6.79138146e-03j]\n",
      " [ 0.00200467-3.78434082e-03j -0.00211774-3.23281892e-03j\n",
      "   0.00343588-1.22920082e-03j ... -0.00708478+5.33586441e-03j\n",
      "   0.002364  -6.79138146e-03j  0.02915237-4.18949172e-20j]]\n",
      "Initial state provided as density matrix.\n",
      "Purity of evolved state: (0.060889229419463044-4.0572878173480986e-19j)\n",
      "Participation ratio: (16.42326581456709+1.0943465198331649e-16j)\n",
      "purity of initial state = (0.06088922941946305+8.978549240895584e-20j) \n",
      "Dimension of the Hilbert space: 32\n",
      "Initial state type: <class 'numpy.ndarray'> | initial_state: [[ 0.02641571-2.51177665e-20j  0.00571842-4.03290000e-03j\n",
      "  -0.00395381+3.46918318e-03j ...  0.00301443-4.17337450e-03j\n",
      "  -0.00296908-5.94055013e-03j  0.00200467+3.78434082e-03j]\n",
      " [ 0.00571842+4.03290000e-03j  0.04189149+1.75260275e-19j\n",
      "  -0.0030727 +5.53878953e-03j ...  0.00639661+3.63119812e-04j\n",
      "   0.0018086 -1.66003016e-03j -0.00211774+3.23281892e-03j]\n",
      " [-0.00395381-3.46918318e-03j -0.0030727 -5.53878953e-03j\n",
      "   0.05032625+1.66827198e-19j ... -0.00743575-1.19601209e-03j\n",
      "   0.00023657-8.30125565e-03j  0.00343588+1.22920082e-03j]\n",
      " ...\n",
      " [ 0.00301443+4.17337450e-03j  0.00639661-3.63119812e-04j\n",
      "  -0.00743575+1.19601209e-03j ...  0.03071099+8.84009138e-20j\n",
      "  -0.00786489+6.66706764e-03j -0.00708478-5.33586441e-03j]\n",
      " [-0.00296908+5.94055013e-03j  0.0018086 +1.66003016e-03j\n",
      "   0.00023657+8.30125565e-03j ... -0.00786489-6.66706764e-03j\n",
      "   0.03546038-1.54215897e-19j  0.002364  +6.79138146e-03j]\n",
      " [ 0.00200467-3.78434082e-03j -0.00211774-3.23281892e-03j\n",
      "   0.00343588-1.22920082e-03j ... -0.00708478+5.33586441e-03j\n",
      "   0.002364  -6.79138146e-03j  0.02915237-4.18949172e-20j]]\n",
      "Initial state provided as density matrix.\n",
      "Purity of evolved state: (0.06088922941946305+2.1175823681357508e-19j)\n",
      "Participation ratio: (16.423265814567085-5.711620667187707e-17j)\n",
      "purity of initial state = (0.06088922941946305+8.978549240895584e-20j) \n",
      "Dimension of the Hilbert space: 32\n",
      "Initial state type: <class 'numpy.ndarray'> | initial_state: [[ 0.02641571-2.51177665e-20j  0.00571842-4.03290000e-03j\n",
      "  -0.00395381+3.46918318e-03j ...  0.00301443-4.17337450e-03j\n",
      "  -0.00296908-5.94055013e-03j  0.00200467+3.78434082e-03j]\n",
      " [ 0.00571842+4.03290000e-03j  0.04189149+1.75260275e-19j\n",
      "  -0.0030727 +5.53878953e-03j ...  0.00639661+3.63119812e-04j\n",
      "   0.0018086 -1.66003016e-03j -0.00211774+3.23281892e-03j]\n",
      " [-0.00395381-3.46918318e-03j -0.0030727 -5.53878953e-03j\n",
      "   0.05032625+1.66827198e-19j ... -0.00743575-1.19601209e-03j\n",
      "   0.00023657-8.30125565e-03j  0.00343588+1.22920082e-03j]\n",
      " ...\n",
      " [ 0.00301443+4.17337450e-03j  0.00639661-3.63119812e-04j\n",
      "  -0.00743575+1.19601209e-03j ...  0.03071099+8.84009138e-20j\n",
      "  -0.00786489+6.66706764e-03j -0.00708478-5.33586441e-03j]\n",
      " [-0.00296908+5.94055013e-03j  0.0018086 +1.66003016e-03j\n",
      "   0.00023657+8.30125565e-03j ... -0.00786489-6.66706764e-03j\n",
      "   0.03546038-1.54215897e-19j  0.002364  +6.79138146e-03j]\n",
      " [ 0.00200467-3.78434082e-03j -0.00211774-3.23281892e-03j\n",
      "   0.00343588-1.22920082e-03j ... -0.00708478+5.33586441e-03j\n",
      "   0.002364  -6.79138146e-03j  0.02915237-4.18949172e-20j]]\n",
      "Initial state provided as density matrix.\n",
      "Purity of evolved state: (0.06088922941946306-2.762386199233087e-19j)\n",
      "Participation ratio: (16.423265814567085+7.450809160346362e-17j)\n",
      "purity of initial state = (0.06088922941946305+8.978549240895584e-20j) \n",
      "Dimension of the Hilbert space: 32\n",
      "Initial state type: <class 'numpy.ndarray'> | initial_state: [[ 0.02641571-2.51177665e-20j  0.00571842-4.03290000e-03j\n",
      "  -0.00395381+3.46918318e-03j ...  0.00301443-4.17337450e-03j\n",
      "  -0.00296908-5.94055013e-03j  0.00200467+3.78434082e-03j]\n",
      " [ 0.00571842+4.03290000e-03j  0.04189149+1.75260275e-19j\n",
      "  -0.0030727 +5.53878953e-03j ...  0.00639661+3.63119812e-04j\n",
      "   0.0018086 -1.66003016e-03j -0.00211774+3.23281892e-03j]\n",
      " [-0.00395381-3.46918318e-03j -0.0030727 -5.53878953e-03j\n",
      "   0.05032625+1.66827198e-19j ... -0.00743575-1.19601209e-03j\n",
      "   0.00023657-8.30125565e-03j  0.00343588+1.22920082e-03j]\n",
      " ...\n",
      " [ 0.00301443+4.17337450e-03j  0.00639661-3.63119812e-04j\n",
      "  -0.00743575+1.19601209e-03j ...  0.03071099+8.84009138e-20j\n",
      "  -0.00786489+6.66706764e-03j -0.00708478-5.33586441e-03j]\n",
      " [-0.00296908+5.94055013e-03j  0.0018086 +1.66003016e-03j\n",
      "   0.00023657+8.30125565e-03j ... -0.00786489-6.66706764e-03j\n",
      "   0.03546038-1.54215897e-19j  0.002364  +6.79138146e-03j]\n",
      " [ 0.00200467-3.78434082e-03j -0.00211774-3.23281892e-03j\n",
      "   0.00343588-1.22920082e-03j ... -0.00708478+5.33586441e-03j\n",
      "   0.002364  -6.79138146e-03j  0.02915237-4.18949172e-20j]]\n",
      "Initial state provided as density matrix.\n",
      "Purity of evolved state: (0.06088922941946306-5.742883382384156e-19j)\n",
      "Participation ratio: (16.423265814567085+1.548991524941306e-16j)\n",
      "purity of initial state = (0.06088922941946305+8.978549240895584e-20j) \n",
      "Dimension of the Hilbert space: 32\n",
      "Initial state type: <class 'numpy.ndarray'> | initial_state: [[ 0.02641571-2.51177665e-20j  0.00571842-4.03290000e-03j\n",
      "  -0.00395381+3.46918318e-03j ...  0.00301443-4.17337450e-03j\n",
      "  -0.00296908-5.94055013e-03j  0.00200467+3.78434082e-03j]\n",
      " [ 0.00571842+4.03290000e-03j  0.04189149+1.75260275e-19j\n",
      "  -0.0030727 +5.53878953e-03j ...  0.00639661+3.63119812e-04j\n",
      "   0.0018086 -1.66003016e-03j -0.00211774+3.23281892e-03j]\n",
      " [-0.00395381-3.46918318e-03j -0.0030727 -5.53878953e-03j\n",
      "   0.05032625+1.66827198e-19j ... -0.00743575-1.19601209e-03j\n",
      "   0.00023657-8.30125565e-03j  0.00343588+1.22920082e-03j]\n",
      " ...\n",
      " [ 0.00301443+4.17337450e-03j  0.00639661-3.63119812e-04j\n",
      "  -0.00743575+1.19601209e-03j ...  0.03071099+8.84009138e-20j\n",
      "  -0.00786489+6.66706764e-03j -0.00708478-5.33586441e-03j]\n",
      " [-0.00296908+5.94055013e-03j  0.0018086 +1.66003016e-03j\n",
      "   0.00023657+8.30125565e-03j ... -0.00786489-6.66706764e-03j\n",
      "   0.03546038-1.54215897e-19j  0.002364  +6.79138146e-03j]\n",
      " [ 0.00200467-3.78434082e-03j -0.00211774-3.23281892e-03j\n",
      "   0.00343588-1.22920082e-03j ... -0.00708478+5.33586441e-03j\n",
      "   0.002364  -6.79138146e-03j  0.02915237-4.18949172e-20j]]\n",
      "Initial state provided as density matrix.\n",
      "Purity of evolved state: (0.06088922941946306-4.154696606282343e-19j)\n",
      "Participation ratio: (16.423265814567085+1.1206199749022278e-16j)\n",
      "purity of initial state = (0.06088922941946305+8.978549240895584e-20j) \n",
      "Dimension of the Hilbert space: 32\n",
      "Initial state type: <class 'numpy.ndarray'> | initial_state: [[ 0.02641571-2.51177665e-20j  0.00571842-4.03290000e-03j\n",
      "  -0.00395381+3.46918318e-03j ...  0.00301443-4.17337450e-03j\n",
      "  -0.00296908-5.94055013e-03j  0.00200467+3.78434082e-03j]\n",
      " [ 0.00571842+4.03290000e-03j  0.04189149+1.75260275e-19j\n",
      "  -0.0030727 +5.53878953e-03j ...  0.00639661+3.63119812e-04j\n",
      "   0.0018086 -1.66003016e-03j -0.00211774+3.23281892e-03j]\n",
      " [-0.00395381-3.46918318e-03j -0.0030727 -5.53878953e-03j\n",
      "   0.05032625+1.66827198e-19j ... -0.00743575-1.19601209e-03j\n",
      "   0.00023657-8.30125565e-03j  0.00343588+1.22920082e-03j]\n",
      " ...\n",
      " [ 0.00301443+4.17337450e-03j  0.00639661-3.63119812e-04j\n",
      "  -0.00743575+1.19601209e-03j ...  0.03071099+8.84009138e-20j\n",
      "  -0.00786489+6.66706764e-03j -0.00708478-5.33586441e-03j]\n",
      " [-0.00296908+5.94055013e-03j  0.0018086 +1.66003016e-03j\n",
      "   0.00023657+8.30125565e-03j ... -0.00786489-6.66706764e-03j\n",
      "   0.03546038-1.54215897e-19j  0.002364  +6.79138146e-03j]\n",
      " [ 0.00200467-3.78434082e-03j -0.00211774-3.23281892e-03j\n",
      "   0.00343588-1.22920082e-03j ... -0.00708478+5.33586441e-03j\n",
      "   0.002364  -6.79138146e-03j  0.02915237-4.18949172e-20j]]\n",
      "Initial state provided as density matrix.\n",
      "Purity of evolved state: (0.06088922941946305+4.1282268266806463e-19j)\n",
      "Participation ratio: (16.423265814567085-1.1134804490682434e-16j)\n",
      "purity of initial state = (0.06088922941946305+8.978549240895584e-20j) \n",
      "Dimension of the Hilbert space: 32\n",
      "Initial state type: <class 'numpy.ndarray'> | initial_state: [[ 0.02641571-2.51177665e-20j  0.00571842-4.03290000e-03j\n",
      "  -0.00395381+3.46918318e-03j ...  0.00301443-4.17337450e-03j\n",
      "  -0.00296908-5.94055013e-03j  0.00200467+3.78434082e-03j]\n",
      " [ 0.00571842+4.03290000e-03j  0.04189149+1.75260275e-19j\n",
      "  -0.0030727 +5.53878953e-03j ...  0.00639661+3.63119812e-04j\n",
      "   0.0018086 -1.66003016e-03j -0.00211774+3.23281892e-03j]\n",
      " [-0.00395381-3.46918318e-03j -0.0030727 -5.53878953e-03j\n",
      "   0.05032625+1.66827198e-19j ... -0.00743575-1.19601209e-03j\n",
      "   0.00023657-8.30125565e-03j  0.00343588+1.22920082e-03j]\n",
      " ...\n",
      " [ 0.00301443+4.17337450e-03j  0.00639661-3.63119812e-04j\n",
      "  -0.00743575+1.19601209e-03j ...  0.03071099+8.84009138e-20j\n",
      "  -0.00786489+6.66706764e-03j -0.00708478-5.33586441e-03j]\n",
      " [-0.00296908+5.94055013e-03j  0.0018086 +1.66003016e-03j\n",
      "   0.00023657+8.30125565e-03j ... -0.00786489-6.66706764e-03j\n",
      "   0.03546038-1.54215897e-19j  0.002364  +6.79138146e-03j]\n",
      " [ 0.00200467-3.78434082e-03j -0.00211774-3.23281892e-03j\n",
      "   0.00343588-1.22920082e-03j ... -0.00708478+5.33586441e-03j\n",
      "   0.002364  -6.79138146e-03j  0.02915237-4.18949172e-20j]]\n",
      "Initial state provided as density matrix.\n",
      "Purity of evolved state: (0.060889229419463065-2.270048298641525e-19j)\n",
      "Participation ratio: (16.42326581456708+6.122857355225218e-17j)\n",
      "purity of initial state = (0.06088922941946305+8.978549240895584e-20j) \n",
      "Dimension of the Hilbert space: 32\n",
      "Initial state type: <class 'numpy.ndarray'> | initial_state: [[ 0.02641571-2.51177665e-20j  0.00571842-4.03290000e-03j\n",
      "  -0.00395381+3.46918318e-03j ...  0.00301443-4.17337450e-03j\n",
      "  -0.00296908-5.94055013e-03j  0.00200467+3.78434082e-03j]\n",
      " [ 0.00571842+4.03290000e-03j  0.04189149+1.75260275e-19j\n",
      "  -0.0030727 +5.53878953e-03j ...  0.00639661+3.63119812e-04j\n",
      "   0.0018086 -1.66003016e-03j -0.00211774+3.23281892e-03j]\n",
      " [-0.00395381-3.46918318e-03j -0.0030727 -5.53878953e-03j\n",
      "   0.05032625+1.66827198e-19j ... -0.00743575-1.19601209e-03j\n",
      "   0.00023657-8.30125565e-03j  0.00343588+1.22920082e-03j]\n",
      " ...\n",
      " [ 0.00301443+4.17337450e-03j  0.00639661-3.63119812e-04j\n",
      "  -0.00743575+1.19601209e-03j ...  0.03071099+8.84009138e-20j\n",
      "  -0.00786489+6.66706764e-03j -0.00708478-5.33586441e-03j]\n",
      " [-0.00296908+5.94055013e-03j  0.0018086 +1.66003016e-03j\n",
      "   0.00023657+8.30125565e-03j ... -0.00786489-6.66706764e-03j\n",
      "   0.03546038-1.54215897e-19j  0.002364  +6.79138146e-03j]\n",
      " [ 0.00200467-3.78434082e-03j -0.00211774-3.23281892e-03j\n",
      "   0.00343588-1.22920082e-03j ... -0.00708478+5.33586441e-03j\n",
      "   0.002364  -6.79138146e-03j  0.02915237-4.18949172e-20j]]\n",
      "Initial state provided as density matrix.\n",
      "Purity of evolved state: (0.060889229419463065+1.7006303998498215e-18j)\n",
      "Participation ratio: (16.42326581456708-4.587002557818446e-16j)\n",
      "purity of initial state = (0.06088922941946305+8.978549240895584e-20j) \n",
      "Dimension of the Hilbert space: 32\n",
      "Initial state type: <class 'numpy.ndarray'> | initial_state: [[ 0.02641571-2.51177665e-20j  0.00571842-4.03290000e-03j\n",
      "  -0.00395381+3.46918318e-03j ...  0.00301443-4.17337450e-03j\n",
      "  -0.00296908-5.94055013e-03j  0.00200467+3.78434082e-03j]\n",
      " [ 0.00571842+4.03290000e-03j  0.04189149+1.75260275e-19j\n",
      "  -0.0030727 +5.53878953e-03j ...  0.00639661+3.63119812e-04j\n",
      "   0.0018086 -1.66003016e-03j -0.00211774+3.23281892e-03j]\n",
      " [-0.00395381-3.46918318e-03j -0.0030727 -5.53878953e-03j\n",
      "   0.05032625+1.66827198e-19j ... -0.00743575-1.19601209e-03j\n",
      "   0.00023657-8.30125565e-03j  0.00343588+1.22920082e-03j]\n",
      " ...\n",
      " [ 0.00301443+4.17337450e-03j  0.00639661-3.63119812e-04j\n",
      "  -0.00743575+1.19601209e-03j ...  0.03071099+8.84009138e-20j\n",
      "  -0.00786489+6.66706764e-03j -0.00708478-5.33586441e-03j]\n",
      " [-0.00296908+5.94055013e-03j  0.0018086 +1.66003016e-03j\n",
      "   0.00023657+8.30125565e-03j ... -0.00786489-6.66706764e-03j\n",
      "   0.03546038-1.54215897e-19j  0.002364  +6.79138146e-03j]\n",
      " [ 0.00200467-3.78434082e-03j -0.00211774-3.23281892e-03j\n",
      "   0.00343588-1.22920082e-03j ... -0.00708478+5.33586441e-03j\n",
      "   0.002364  -6.79138146e-03j  0.02915237-4.18949172e-20j]]\n",
      "Initial state provided as density matrix.\n",
      "Purity of evolved state: (0.060889229419463044-3.3118988237643143e-19j)\n",
      "Participation ratio: (16.42326581456709+8.932974723481576e-17j)\n",
      "purity of initial state = (0.06088922941946305+8.978549240895584e-20j) \n",
      "Dimension of the Hilbert space: 32\n",
      "Initial state type: <class 'numpy.ndarray'> | initial_state: [[ 0.02641571-2.51177665e-20j  0.00571842-4.03290000e-03j\n",
      "  -0.00395381+3.46918318e-03j ...  0.00301443-4.17337450e-03j\n",
      "  -0.00296908-5.94055013e-03j  0.00200467+3.78434082e-03j]\n",
      " [ 0.00571842+4.03290000e-03j  0.04189149+1.75260275e-19j\n",
      "  -0.0030727 +5.53878953e-03j ...  0.00639661+3.63119812e-04j\n",
      "   0.0018086 -1.66003016e-03j -0.00211774+3.23281892e-03j]\n",
      " [-0.00395381-3.46918318e-03j -0.0030727 -5.53878953e-03j\n",
      "   0.05032625+1.66827198e-19j ... -0.00743575-1.19601209e-03j\n",
      "   0.00023657-8.30125565e-03j  0.00343588+1.22920082e-03j]\n",
      " ...\n",
      " [ 0.00301443+4.17337450e-03j  0.00639661-3.63119812e-04j\n",
      "  -0.00743575+1.19601209e-03j ...  0.03071099+8.84009138e-20j\n",
      "  -0.00786489+6.66706764e-03j -0.00708478-5.33586441e-03j]\n",
      " [-0.00296908+5.94055013e-03j  0.0018086 +1.66003016e-03j\n",
      "   0.00023657+8.30125565e-03j ... -0.00786489-6.66706764e-03j\n",
      "   0.03546038-1.54215897e-19j  0.002364  +6.79138146e-03j]\n",
      " [ 0.00200467-3.78434082e-03j -0.00211774-3.23281892e-03j\n",
      "   0.00343588-1.22920082e-03j ... -0.00708478+5.33586441e-03j\n",
      "   0.002364  -6.79138146e-03j  0.02915237-4.18949172e-20j]]\n",
      "Initial state provided as density matrix.\n",
      "Purity of evolved state: (0.06088922941946305-2.865088944087671e-19j)\n",
      "Participation ratio: (16.423265814567085+7.727822762704967e-17j)\n",
      "purity of initial state = (0.06088922941946305+8.978549240895584e-20j) \n",
      "Dimension of the Hilbert space: 32\n",
      "Initial state type: <class 'numpy.ndarray'> | initial_state: [[ 0.02641571-2.51177665e-20j  0.00571842-4.03290000e-03j\n",
      "  -0.00395381+3.46918318e-03j ...  0.00301443-4.17337450e-03j\n",
      "  -0.00296908-5.94055013e-03j  0.00200467+3.78434082e-03j]\n",
      " [ 0.00571842+4.03290000e-03j  0.04189149+1.75260275e-19j\n",
      "  -0.0030727 +5.53878953e-03j ...  0.00639661+3.63119812e-04j\n",
      "   0.0018086 -1.66003016e-03j -0.00211774+3.23281892e-03j]\n",
      " [-0.00395381-3.46918318e-03j -0.0030727 -5.53878953e-03j\n",
      "   0.05032625+1.66827198e-19j ... -0.00743575-1.19601209e-03j\n",
      "   0.00023657-8.30125565e-03j  0.00343588+1.22920082e-03j]\n",
      " ...\n",
      " [ 0.00301443+4.17337450e-03j  0.00639661-3.63119812e-04j\n",
      "  -0.00743575+1.19601209e-03j ...  0.03071099+8.84009138e-20j\n",
      "  -0.00786489+6.66706764e-03j -0.00708478-5.33586441e-03j]\n",
      " [-0.00296908+5.94055013e-03j  0.0018086 +1.66003016e-03j\n",
      "   0.00023657+8.30125565e-03j ... -0.00786489-6.66706764e-03j\n",
      "   0.03546038-1.54215897e-19j  0.002364  +6.79138146e-03j]\n",
      " [ 0.00200467-3.78434082e-03j -0.00211774-3.23281892e-03j\n",
      "   0.00343588-1.22920082e-03j ... -0.00708478+5.33586441e-03j\n",
      "   0.002364  -6.79138146e-03j  0.02915237-4.18949172e-20j]]\n",
      "Initial state provided as density matrix.\n",
      "Purity of evolved state: (0.06088922941946306+1.7125947402297885e-19j)\n",
      "Participation ratio: (16.423265814567085-4.6192732145880573e-17j)\n",
      "purity of initial state = (0.06088922941946305+8.978549240895584e-20j) \n",
      "Dimension of the Hilbert space: 32\n",
      "Initial state type: <class 'numpy.ndarray'> | initial_state: [[ 0.02641571-2.51177665e-20j  0.00571842-4.03290000e-03j\n",
      "  -0.00395381+3.46918318e-03j ...  0.00301443-4.17337450e-03j\n",
      "  -0.00296908-5.94055013e-03j  0.00200467+3.78434082e-03j]\n",
      " [ 0.00571842+4.03290000e-03j  0.04189149+1.75260275e-19j\n",
      "  -0.0030727 +5.53878953e-03j ...  0.00639661+3.63119812e-04j\n",
      "   0.0018086 -1.66003016e-03j -0.00211774+3.23281892e-03j]\n",
      " [-0.00395381-3.46918318e-03j -0.0030727 -5.53878953e-03j\n",
      "   0.05032625+1.66827198e-19j ... -0.00743575-1.19601209e-03j\n",
      "   0.00023657-8.30125565e-03j  0.00343588+1.22920082e-03j]\n",
      " ...\n",
      " [ 0.00301443+4.17337450e-03j  0.00639661-3.63119812e-04j\n",
      "  -0.00743575+1.19601209e-03j ...  0.03071099+8.84009138e-20j\n",
      "  -0.00786489+6.66706764e-03j -0.00708478-5.33586441e-03j]\n",
      " [-0.00296908+5.94055013e-03j  0.0018086 +1.66003016e-03j\n",
      "   0.00023657+8.30125565e-03j ... -0.00786489-6.66706764e-03j\n",
      "   0.03546038-1.54215897e-19j  0.002364  +6.79138146e-03j]\n",
      " [ 0.00200467-3.78434082e-03j -0.00211774-3.23281892e-03j\n",
      "   0.00343588-1.22920082e-03j ... -0.00708478+5.33586441e-03j\n",
      "   0.002364  -6.79138146e-03j  0.02915237-4.18949172e-20j]]\n",
      "Initial state provided as density matrix.\n",
      "Purity of evolved state: (0.06088922941946306-9.067487700357285e-19j)\n",
      "Participation ratio: (16.423265814567085+2.4457159696897755e-16j)\n",
      "purity of initial state = (0.06088922941946305+8.978549240895584e-20j) \n",
      "Dimension of the Hilbert space: 32\n",
      "Initial state type: <class 'numpy.ndarray'> | initial_state: [[ 0.02641571-2.51177665e-20j  0.00571842-4.03290000e-03j\n",
      "  -0.00395381+3.46918318e-03j ...  0.00301443-4.17337450e-03j\n",
      "  -0.00296908-5.94055013e-03j  0.00200467+3.78434082e-03j]\n",
      " [ 0.00571842+4.03290000e-03j  0.04189149+1.75260275e-19j\n",
      "  -0.0030727 +5.53878953e-03j ...  0.00639661+3.63119812e-04j\n",
      "   0.0018086 -1.66003016e-03j -0.00211774+3.23281892e-03j]\n",
      " [-0.00395381-3.46918318e-03j -0.0030727 -5.53878953e-03j\n",
      "   0.05032625+1.66827198e-19j ... -0.00743575-1.19601209e-03j\n",
      "   0.00023657-8.30125565e-03j  0.00343588+1.22920082e-03j]\n",
      " ...\n",
      " [ 0.00301443+4.17337450e-03j  0.00639661-3.63119812e-04j\n",
      "  -0.00743575+1.19601209e-03j ...  0.03071099+8.84009138e-20j\n",
      "  -0.00786489+6.66706764e-03j -0.00708478-5.33586441e-03j]\n",
      " [-0.00296908+5.94055013e-03j  0.0018086 +1.66003016e-03j\n",
      "   0.00023657+8.30125565e-03j ... -0.00786489-6.66706764e-03j\n",
      "   0.03546038-1.54215897e-19j  0.002364  +6.79138146e-03j]\n",
      " [ 0.00200467-3.78434082e-03j -0.00211774-3.23281892e-03j\n",
      "   0.00343588-1.22920082e-03j ... -0.00708478+5.33586441e-03j\n",
      "   0.002364  -6.79138146e-03j  0.02915237-4.18949172e-20j]]\n",
      "Initial state provided as density matrix.\n",
      "Purity of evolved state: (0.06088922941946305+1.0524384369634682e-18j)\n",
      "Participation ratio: (16.423265814567085-2.83867547159229e-16j)\n",
      "purity of initial state = (0.06088922941946305+8.978549240895584e-20j) \n",
      "Dimension of the Hilbert space: 32\n",
      "Initial state type: <class 'numpy.ndarray'> | initial_state: [[ 0.02641571-2.51177665e-20j  0.00571842-4.03290000e-03j\n",
      "  -0.00395381+3.46918318e-03j ...  0.00301443-4.17337450e-03j\n",
      "  -0.00296908-5.94055013e-03j  0.00200467+3.78434082e-03j]\n",
      " [ 0.00571842+4.03290000e-03j  0.04189149+1.75260275e-19j\n",
      "  -0.0030727 +5.53878953e-03j ...  0.00639661+3.63119812e-04j\n",
      "   0.0018086 -1.66003016e-03j -0.00211774+3.23281892e-03j]\n",
      " [-0.00395381-3.46918318e-03j -0.0030727 -5.53878953e-03j\n",
      "   0.05032625+1.66827198e-19j ... -0.00743575-1.19601209e-03j\n",
      "   0.00023657-8.30125565e-03j  0.00343588+1.22920082e-03j]\n",
      " ...\n",
      " [ 0.00301443+4.17337450e-03j  0.00639661-3.63119812e-04j\n",
      "  -0.00743575+1.19601209e-03j ...  0.03071099+8.84009138e-20j\n",
      "  -0.00786489+6.66706764e-03j -0.00708478-5.33586441e-03j]\n",
      " [-0.00296908+5.94055013e-03j  0.0018086 +1.66003016e-03j\n",
      "   0.00023657+8.30125565e-03j ... -0.00786489-6.66706764e-03j\n",
      "   0.03546038-1.54215897e-19j  0.002364  +6.79138146e-03j]\n",
      " [ 0.00200467-3.78434082e-03j -0.00211774-3.23281892e-03j\n",
      "   0.00343588-1.22920082e-03j ... -0.00708478+5.33586441e-03j\n",
      "   0.002364  -6.79138146e-03j  0.02915237-4.18949172e-20j]]\n",
      "Initial state provided as density matrix.\n",
      "Purity of evolved state: (0.06088922941946305-2.245696101407964e-19j)\n",
      "Participation ratio: (16.423265814567085+6.057173717552562e-17j)\n",
      "purity of initial state = (0.06088922941946305+8.978549240895584e-20j) \n",
      "Dimension of the Hilbert space: 32\n",
      "Initial state type: <class 'numpy.ndarray'> | initial_state: [[ 0.02641571-2.51177665e-20j  0.00571842-4.03290000e-03j\n",
      "  -0.00395381+3.46918318e-03j ...  0.00301443-4.17337450e-03j\n",
      "  -0.00296908-5.94055013e-03j  0.00200467+3.78434082e-03j]\n",
      " [ 0.00571842+4.03290000e-03j  0.04189149+1.75260275e-19j\n",
      "  -0.0030727 +5.53878953e-03j ...  0.00639661+3.63119812e-04j\n",
      "   0.0018086 -1.66003016e-03j -0.00211774+3.23281892e-03j]\n",
      " [-0.00395381-3.46918318e-03j -0.0030727 -5.53878953e-03j\n",
      "   0.05032625+1.66827198e-19j ... -0.00743575-1.19601209e-03j\n",
      "   0.00023657-8.30125565e-03j  0.00343588+1.22920082e-03j]\n",
      " ...\n",
      " [ 0.00301443+4.17337450e-03j  0.00639661-3.63119812e-04j\n",
      "  -0.00743575+1.19601209e-03j ...  0.03071099+8.84009138e-20j\n",
      "  -0.00786489+6.66706764e-03j -0.00708478-5.33586441e-03j]\n",
      " [-0.00296908+5.94055013e-03j  0.0018086 +1.66003016e-03j\n",
      "   0.00023657+8.30125565e-03j ... -0.00786489-6.66706764e-03j\n",
      "   0.03546038-1.54215897e-19j  0.002364  +6.79138146e-03j]\n",
      " [ 0.00200467-3.78434082e-03j -0.00211774-3.23281892e-03j\n",
      "   0.00343588-1.22920082e-03j ... -0.00708478+5.33586441e-03j\n",
      "   0.002364  -6.79138146e-03j  0.02915237-4.18949172e-20j]]\n",
      "Initial state provided as density matrix.\n",
      "Purity of evolved state: (0.060889229419463065+1.0640851399882148e-18j)\n",
      "Participation ratio: (16.42326581456708-2.8700893852618216e-16j)\n",
      "purity of initial state = (0.06088922941946305+8.978549240895584e-20j) \n",
      "Dimension of the Hilbert space: 32\n",
      "Initial state type: <class 'numpy.ndarray'> | initial_state: [[ 0.02641571-2.51177665e-20j  0.00571842-4.03290000e-03j\n",
      "  -0.00395381+3.46918318e-03j ...  0.00301443-4.17337450e-03j\n",
      "  -0.00296908-5.94055013e-03j  0.00200467+3.78434082e-03j]\n",
      " [ 0.00571842+4.03290000e-03j  0.04189149+1.75260275e-19j\n",
      "  -0.0030727 +5.53878953e-03j ...  0.00639661+3.63119812e-04j\n",
      "   0.0018086 -1.66003016e-03j -0.00211774+3.23281892e-03j]\n",
      " [-0.00395381-3.46918318e-03j -0.0030727 -5.53878953e-03j\n",
      "   0.05032625+1.66827198e-19j ... -0.00743575-1.19601209e-03j\n",
      "   0.00023657-8.30125565e-03j  0.00343588+1.22920082e-03j]\n",
      " ...\n",
      " [ 0.00301443+4.17337450e-03j  0.00639661-3.63119812e-04j\n",
      "  -0.00743575+1.19601209e-03j ...  0.03071099+8.84009138e-20j\n",
      "  -0.00786489+6.66706764e-03j -0.00708478-5.33586441e-03j]\n",
      " [-0.00296908+5.94055013e-03j  0.0018086 +1.66003016e-03j\n",
      "   0.00023657+8.30125565e-03j ... -0.00786489-6.66706764e-03j\n",
      "   0.03546038-1.54215897e-19j  0.002364  +6.79138146e-03j]\n",
      " [ 0.00200467-3.78434082e-03j -0.00211774-3.23281892e-03j\n",
      "   0.00343588-1.22920082e-03j ... -0.00708478+5.33586441e-03j\n",
      "   0.002364  -6.79138146e-03j  0.02915237-4.18949172e-20j]]\n",
      "Initial state provided as density matrix.\n",
      "Purity of evolved state: (0.06088922941946307+2.3611043404713622e-20j)\n",
      "Participation ratio: (16.42326581456708-6.3684570439142895e-18j)\n",
      "purity of initial state = (0.06088922941946305+8.978549240895584e-20j) \n",
      "Dimension of the Hilbert space: 32\n",
      "Initial state type: <class 'numpy.ndarray'> | initial_state: [[ 0.02641571-2.51177665e-20j  0.00571842-4.03290000e-03j\n",
      "  -0.00395381+3.46918318e-03j ...  0.00301443-4.17337450e-03j\n",
      "  -0.00296908-5.94055013e-03j  0.00200467+3.78434082e-03j]\n",
      " [ 0.00571842+4.03290000e-03j  0.04189149+1.75260275e-19j\n",
      "  -0.0030727 +5.53878953e-03j ...  0.00639661+3.63119812e-04j\n",
      "   0.0018086 -1.66003016e-03j -0.00211774+3.23281892e-03j]\n",
      " [-0.00395381-3.46918318e-03j -0.0030727 -5.53878953e-03j\n",
      "   0.05032625+1.66827198e-19j ... -0.00743575-1.19601209e-03j\n",
      "   0.00023657-8.30125565e-03j  0.00343588+1.22920082e-03j]\n",
      " ...\n",
      " [ 0.00301443+4.17337450e-03j  0.00639661-3.63119812e-04j\n",
      "  -0.00743575+1.19601209e-03j ...  0.03071099+8.84009138e-20j\n",
      "  -0.00786489+6.66706764e-03j -0.00708478-5.33586441e-03j]\n",
      " [-0.00296908+5.94055013e-03j  0.0018086 +1.66003016e-03j\n",
      "   0.00023657+8.30125565e-03j ... -0.00786489-6.66706764e-03j\n",
      "   0.03546038-1.54215897e-19j  0.002364  +6.79138146e-03j]\n",
      " [ 0.00200467-3.78434082e-03j -0.00211774-3.23281892e-03j\n",
      "   0.00343588-1.22920082e-03j ... -0.00708478+5.33586441e-03j\n",
      "   0.002364  -6.79138146e-03j  0.02915237-4.18949172e-20j]]\n",
      "Initial state provided as density matrix.\n",
      "Purity of evolved state: (0.06088922941946305+4.866204281975955e-19j)\n",
      "Participation ratio: (16.423265814567085-1.312530429319735e-16j)\n",
      "purity of initial state = (0.06088922941946305+8.978549240895584e-20j) \n",
      "Dimension of the Hilbert space: 32\n",
      "Initial state type: <class 'numpy.ndarray'> | initial_state: [[ 0.02641571-2.51177665e-20j  0.00571842-4.03290000e-03j\n",
      "  -0.00395381+3.46918318e-03j ...  0.00301443-4.17337450e-03j\n",
      "  -0.00296908-5.94055013e-03j  0.00200467+3.78434082e-03j]\n",
      " [ 0.00571842+4.03290000e-03j  0.04189149+1.75260275e-19j\n",
      "  -0.0030727 +5.53878953e-03j ...  0.00639661+3.63119812e-04j\n",
      "   0.0018086 -1.66003016e-03j -0.00211774+3.23281892e-03j]\n",
      " [-0.00395381-3.46918318e-03j -0.0030727 -5.53878953e-03j\n",
      "   0.05032625+1.66827198e-19j ... -0.00743575-1.19601209e-03j\n",
      "   0.00023657-8.30125565e-03j  0.00343588+1.22920082e-03j]\n",
      " ...\n",
      " [ 0.00301443+4.17337450e-03j  0.00639661-3.63119812e-04j\n",
      "  -0.00743575+1.19601209e-03j ...  0.03071099+8.84009138e-20j\n",
      "  -0.00786489+6.66706764e-03j -0.00708478-5.33586441e-03j]\n",
      " [-0.00296908+5.94055013e-03j  0.0018086 +1.66003016e-03j\n",
      "   0.00023657+8.30125565e-03j ... -0.00786489-6.66706764e-03j\n",
      "   0.03546038-1.54215897e-19j  0.002364  +6.79138146e-03j]\n",
      " [ 0.00200467-3.78434082e-03j -0.00211774-3.23281892e-03j\n",
      "   0.00343588-1.22920082e-03j ... -0.00708478+5.33586441e-03j\n",
      "   0.002364  -6.79138146e-03j  0.02915237-4.18949172e-20j]]\n",
      "Initial state provided as density matrix.\n",
      "Purity of evolved state: (0.06088922941946305-8.889610781433882e-19j)\n",
      "Participation ratio: (16.423265814567085+2.397738356085399e-16j)\n",
      "purity of initial state = (0.06088922941946305+8.978549240895584e-20j) \n",
      "Dimension of the Hilbert space: 32\n",
      "Initial state type: <class 'numpy.ndarray'> | initial_state: [[ 0.02641571-2.51177665e-20j  0.00571842-4.03290000e-03j\n",
      "  -0.00395381+3.46918318e-03j ...  0.00301443-4.17337450e-03j\n",
      "  -0.00296908-5.94055013e-03j  0.00200467+3.78434082e-03j]\n",
      " [ 0.00571842+4.03290000e-03j  0.04189149+1.75260275e-19j\n",
      "  -0.0030727 +5.53878953e-03j ...  0.00639661+3.63119812e-04j\n",
      "   0.0018086 -1.66003016e-03j -0.00211774+3.23281892e-03j]\n",
      " [-0.00395381-3.46918318e-03j -0.0030727 -5.53878953e-03j\n",
      "   0.05032625+1.66827198e-19j ... -0.00743575-1.19601209e-03j\n",
      "   0.00023657-8.30125565e-03j  0.00343588+1.22920082e-03j]\n",
      " ...\n",
      " [ 0.00301443+4.17337450e-03j  0.00639661-3.63119812e-04j\n",
      "  -0.00743575+1.19601209e-03j ...  0.03071099+8.84009138e-20j\n",
      "  -0.00786489+6.66706764e-03j -0.00708478-5.33586441e-03j]\n",
      " [-0.00296908+5.94055013e-03j  0.0018086 +1.66003016e-03j\n",
      "   0.00023657+8.30125565e-03j ... -0.00786489-6.66706764e-03j\n",
      "   0.03546038-1.54215897e-19j  0.002364  +6.79138146e-03j]\n",
      " [ 0.00200467-3.78434082e-03j -0.00211774-3.23281892e-03j\n",
      "   0.00343588-1.22920082e-03j ... -0.00708478+5.33586441e-03j\n",
      "   0.002364  -6.79138146e-03j  0.02915237-4.18949172e-20j]]\n",
      "Initial state provided as density matrix.\n",
      "Purity of evolved state: (0.06088922941946306+3.3627208005995723e-19j)\n",
      "Participation ratio: (16.423265814567085-9.070053619494078e-17j)\n"
     ]
    }
   ],
   "source": [
    "n = 5 ## numero finale di qubit\n",
    "N = 10 ## numero di qubit prima della traccia parziale\n",
    "\n",
    "h_z_s = np.linspace(0, 2.5, num=20) # spazio dei valori di h_z\n",
    "\n",
    "a_x= 1\n",
    "\n",
    "delta = 0.5\n",
    "derivative_delta = 1e-5\n",
    "\n",
    "m = 16\n",
    "DEBUG=True\n",
    "initial_state = helper_functions.random_mixed_density_matrix(N, n)\n",
    "\n",
    "# ket = qutip.rand_ket(2**n, distribution=\"haar\").full().flatten()\n",
    "\n",
    "y_s = np.array([pipeline_v200.simulation(\n",
    "                        N=N,\n",
    "                        n=n,\n",
    "                        initial_state= initial_state,\n",
    "                        DEBUG=True,\n",
    "                        derivative_delta=derivative_delta,\n",
    "                        a_x= a_x, \n",
    "                        h_z= h_z, ## variable\n",
    "                        delta = delta,\n",
    "                        m = m) for h_z in h_z_s])\n",
    "\n",
    "# just for plotting clarity\n",
    "sparse_indices = np.array([i for i in list(range(len(h_z_s))) if i%10==0])"
   ]
  },
  {
   "cell_type": "code",
   "execution_count": 245,
   "metadata": {},
   "outputs": [
    {
     "data": {
      "text/plain": [
       "{'fidelity_truncated': 0.7289457260529579,\n",
       " 'fidelity_truncated_generalized': (0.8412059690688293+5.938552256161024e-19j),\n",
       " 'lower_tqfi': (5.081408989797463-1.9003367219715278e-17j),\n",
       " 'upper_tqfi': 8.673736766305346,\n",
       " 'fidelity_true': 0.87526694285716826957,\n",
       " 'qfi_fidelity': 3.9914578285706153737,\n",
       " 'sub_qfi_bound': 0.30176141037631865,\n",
       " 'super_qfi_bound': 22.143912183623964,\n",
       " 'trace_rho': (0.9999999999999998+3.564314642046096e-18j),\n",
       " 'trace_rho_delta': (1+3.198396408832238e-18j),\n",
       " 'purity_rho': (0.06088922941946306+8.512681119905718e-20j),\n",
       " 'purity_rho_delta': (0.06088922941946305+2.286988957586611e-20j),\n",
       " 'rank_rho': 32,\n",
       " 'rank_rho_delta': 32,\n",
       " 'truncated_eigenvalues': array([0.11141933, 0.08943075, 0.08444887, 0.07896077, 0.06968808,\n",
       "        0.06373775, 0.05936407, 0.05573165, 0.04787563, 0.04442324,\n",
       "        0.04169053, 0.03468464, 0.03328082, 0.02764521, 0.0252361 ,\n",
       "        0.02012231]),\n",
       " 'eigenvalues': array([1.11419331e-01, 8.94307501e-02, 8.44488735e-02, 7.89607738e-02,\n",
       "        6.96880778e-02, 6.37377515e-02, 5.93640702e-02, 5.57316513e-02,\n",
       "        4.78756264e-02, 4.44232432e-02, 4.16905302e-02, 3.46846423e-02,\n",
       "        3.32808155e-02, 2.76452060e-02, 2.52361007e-02, 2.01223136e-02,\n",
       "        1.97541240e-02, 1.81820643e-02, 1.43630217e-02, 1.32191506e-02,\n",
       "        1.11315384e-02, 9.32661746e-03, 7.78823870e-03, 5.38299240e-03,\n",
       "        4.54029916e-03, 3.03032910e-03, 2.31309292e-03, 1.57758697e-03,\n",
       "        1.08020781e-03, 4.22930804e-04, 1.30358000e-04, 1.76906580e-05]),\n",
       " 'QFI_from_SLD': 8338840738.062345}"
      ]
     },
     "execution_count": 245,
     "metadata": {},
     "output_type": "execute_result"
    }
   ],
   "source": [
    "y_s[0]"
   ]
  },
  {
   "cell_type": "code",
   "execution_count": 246,
   "metadata": {},
   "outputs": [
    {
     "name": "stdout",
     "output_type": "stream",
     "text": [
      "2.966929829994134e-17\n"
     ]
    }
   ],
   "source": [
    "# pipelines return debug info only if we are in DEBUG==True\n",
    "purity_rho = np.array([np.real(x[\"purity_rho\"]) for x in y_s ])\n",
    "purity_rho_delta = np.array([np.real(x[\"purity_rho_delta\"]) for x in y_s ])\n",
    "lower_tqfi = np.array([np.real(x[\"lower_tqfi\"]) for x in y_s ])\n",
    "upper_tqfi = np.array([np.real(x[\"upper_tqfi\"]) for x in y_s ])\n",
    "qfi_fidelity = np.array([np.real(x[\"qfi_fidelity\"]) for x in y_s ])\n",
    "true_fidelity = np.array([np.real(x[\"fidelity_true\"]) for x in y_s ])\n",
    "fidelity_truncated = np.array([np.real(x[\"fidelity_truncated\"]) for x in y_s ])\n",
    "fidelity_generalized = np.array([np.real(x[\"fidelity_truncated_generalized\"]) for x in y_s ])\n",
    "\n",
    "sub_qfi_bound = np.array([np.real(x[\"sub_qfi_bound\"]) for x in y_s ])\n",
    "super_qfi_bound = np.array([np.real(x[\"super_qfi_bound\"]) for x in y_s ])\n",
    "qfi_from_sld = np.array([np.real(x[\"QFI_from_SLD\"]) for x in y_s ])\n",
    "\n",
    "error = np.max([np.imag(x[\"lower_tqfi\"]) for x in y_s ])\n",
    "print(error)"
   ]
  },
  {
   "cell_type": "code",
   "execution_count": 247,
   "metadata": {},
   "outputs": [
    {
     "data": {
      "text/plain": [
       "<matplotlib.legend.Legend at 0x7c55187a4200>"
      ]
     },
     "execution_count": 247,
     "metadata": {},
     "output_type": "execute_result"
    },
    {
     "data": {
