{
 "cells": [
  {
   "cell_type": "code",
   "execution_count": 16,
   "metadata": {},
   "outputs": [],
   "source": [
    "from importlib import reload\n",
    "import numpy as np\n",
    "import matplotlib.pyplot as plt\n",
    "import seaborn as sns\n",
    "import pipeline_v200\n",
    "reload(pipeline_v200)\n",
    "import helper_functions\n",
    "import qutip\n",
    "\n",
    "sns.set_palette(\"Set2\")\n",
    "# sns.color_palette(\"Set2\")"
   ]
  },
  {
   "cell_type": "code",
   "execution_count": 17,
   "metadata": {},
   "outputs": [
    {
     "name": "stdout",
     "output_type": "stream",
     "text": [
      "Generating random mixed density matrix\n",
      "purity of initial state = (0.0639756580111247+2.8185021319886844e-19j) \n",
      "Dimension of the Hilbert space: 32\n",
      "Initial state type: <class 'numpy.ndarray'> | initial_state: [[ 0.02546824+2.00700374e-19j  0.00578747-2.37371551e-03j\n",
      "  -0.00131175-3.84950795e-03j ...  0.00581685+2.17214545e-03j\n",
      "   0.00709911+5.83279643e-05j -0.00131196+3.78340530e-03j]\n",
      " [ 0.00578747+2.37371551e-03j  0.03328054+1.55834565e-19j\n",
      "   0.00220902+4.28222421e-03j ...  0.00760392+1.12090389e-03j\n",
      "   0.00587316+6.27793756e-03j -0.00312564-8.78493955e-03j]\n",
      " [-0.00131175+3.84950795e-03j  0.00220902-4.28222421e-03j\n",
      "   0.02338997-8.82002894e-20j ... -0.00040879-6.40970165e-03j\n",
      "  -0.00255186+3.80520836e-04j -0.00018717+6.85162182e-03j]\n",
      " ...\n",
      " [ 0.00581685-2.17214545e-03j  0.00760392-1.12090389e-03j\n",
      "  -0.00040879+6.40970165e-03j ...  0.02880155-7.43600984e-20j\n",
      "   0.00754783+4.89836749e-03j -0.00408907-1.13236496e-03j]\n",
      " [ 0.00709911-5.83279643e-05j  0.00587316-6.27793756e-03j\n",
      "  -0.00255186-3.80520836e-04j ...  0.00754783-4.89836749e-03j\n",
      "   0.02786606+2.81020025e-21j -0.00335542+8.00865982e-04j]\n",
      " [-0.00131196-3.78340530e-03j -0.00312564+8.78493955e-03j\n",
      "  -0.00018717-6.85162182e-03j ... -0.00408907+1.13236496e-03j\n",
      "  -0.00335542-8.00865982e-04j  0.03645653+1.01224189e-19j]]\n",
      "Initial state provided as density matrix.\n",
      "Purity of evolved state: (0.0639756580111247-5.569241628197025e-19j)\n",
      "Participation ratio: (15.6309451295696+1.3607130119478415e-16j)\n",
      "purity of initial state = (0.0639756580111247+2.8185021319886844e-19j) \n",
      "Dimension of the Hilbert space: 32\n",
      "Initial state type: <class 'numpy.ndarray'> | initial_state: [[ 0.02546824+2.00700374e-19j  0.00578747-2.37371551e-03j\n",
      "  -0.00131175-3.84950795e-03j ...  0.00581685+2.17214545e-03j\n",
      "   0.00709911+5.83279643e-05j -0.00131196+3.78340530e-03j]\n",
      " [ 0.00578747+2.37371551e-03j  0.03328054+1.55834565e-19j\n",
      "   0.00220902+4.28222421e-03j ...  0.00760392+1.12090389e-03j\n",
      "   0.00587316+6.27793756e-03j -0.00312564-8.78493955e-03j]\n",
      " [-0.00131175+3.84950795e-03j  0.00220902-4.28222421e-03j\n",
      "   0.02338997-8.82002894e-20j ... -0.00040879-6.40970165e-03j\n",
      "  -0.00255186+3.80520836e-04j -0.00018717+6.85162182e-03j]\n",
      " ...\n",
      " [ 0.00581685-2.17214545e-03j  0.00760392-1.12090389e-03j\n",
      "  -0.00040879+6.40970165e-03j ...  0.02880155-7.43600984e-20j\n",
      "   0.00754783+4.89836749e-03j -0.00408907-1.13236496e-03j]\n",
      " [ 0.00709911-5.83279643e-05j  0.00587316-6.27793756e-03j\n",
      "  -0.00255186-3.80520836e-04j ...  0.00754783-4.89836749e-03j\n",
      "   0.02786606+2.81020025e-21j -0.00335542+8.00865982e-04j]\n",
      " [-0.00131196-3.78340530e-03j -0.00312564+8.78493955e-03j\n",
      "  -0.00018717-6.85162182e-03j ... -0.00408907+1.13236496e-03j\n",
      "  -0.00335542-8.00865982e-04j  0.03645653+1.01224189e-19j]]\n",
      "Initial state provided as density matrix.\n",
      "Purity of evolved state: (0.0639756580111247-9.747231640528861e-19j)\n",
      "Participation ratio: (15.6309451295696+2.3815064615954045e-16j)\n",
      "purity of initial state = (0.0639756580111247+2.8185021319886844e-19j) \n",
      "Dimension of the Hilbert space: 32\n",
      "Initial state type: <class 'numpy.ndarray'> | initial_state: [[ 0.02546824+2.00700374e-19j  0.00578747-2.37371551e-03j\n",
      "  -0.00131175-3.84950795e-03j ...  0.00581685+2.17214545e-03j\n",
      "   0.00709911+5.83279643e-05j -0.00131196+3.78340530e-03j]\n",
      " [ 0.00578747+2.37371551e-03j  0.03328054+1.55834565e-19j\n",
      "   0.00220902+4.28222421e-03j ...  0.00760392+1.12090389e-03j\n",
      "   0.00587316+6.27793756e-03j -0.00312564-8.78493955e-03j]\n",
      " [-0.00131175+3.84950795e-03j  0.00220902-4.28222421e-03j\n",
      "   0.02338997-8.82002894e-20j ... -0.00040879-6.40970165e-03j\n",
      "  -0.00255186+3.80520836e-04j -0.00018717+6.85162182e-03j]\n",
      " ...\n",
      " [ 0.00581685-2.17214545e-03j  0.00760392-1.12090389e-03j\n",
      "  -0.00040879+6.40970165e-03j ...  0.02880155-7.43600984e-20j\n",
      "   0.00754783+4.89836749e-03j -0.00408907-1.13236496e-03j]\n",
      " [ 0.00709911-5.83279643e-05j  0.00587316-6.27793756e-03j\n",
      "  -0.00255186-3.80520836e-04j ...  0.00754783-4.89836749e-03j\n",
      "   0.02786606+2.81020025e-21j -0.00335542+8.00865982e-04j]\n",
      " [-0.00131196-3.78340530e-03j -0.00312564+8.78493955e-03j\n",
      "  -0.00018717-6.85162182e-03j ... -0.00408907+1.13236496e-03j\n",
      "  -0.00335542-8.00865982e-04j  0.03645653+1.01224189e-19j]]\n",
      "Initial state provided as density matrix.\n",
      "Purity of evolved state: (0.0639756580111247+2.82061971435682e-19j)\n",
      "Participation ratio: (15.6309451295696-6.891519893211121e-17j)\n",
      "purity of initial state = (0.0639756580111247+2.8185021319886844e-19j) \n",
      "Dimension of the Hilbert space: 32\n",
      "Initial state type: <class 'numpy.ndarray'> | initial_state: [[ 0.02546824+2.00700374e-19j  0.00578747-2.37371551e-03j\n",
      "  -0.00131175-3.84950795e-03j ...  0.00581685+2.17214545e-03j\n",
      "   0.00709911+5.83279643e-05j -0.00131196+3.78340530e-03j]\n",
      " [ 0.00578747+2.37371551e-03j  0.03328054+1.55834565e-19j\n",
      "   0.00220902+4.28222421e-03j ...  0.00760392+1.12090389e-03j\n",
      "   0.00587316+6.27793756e-03j -0.00312564-8.78493955e-03j]\n",
      " [-0.00131175+3.84950795e-03j  0.00220902-4.28222421e-03j\n",
      "   0.02338997-8.82002894e-20j ... -0.00040879-6.40970165e-03j\n",
      "  -0.00255186+3.80520836e-04j -0.00018717+6.85162182e-03j]\n",
      " ...\n",
      " [ 0.00581685-2.17214545e-03j  0.00760392-1.12090389e-03j\n",
      "  -0.00040879+6.40970165e-03j ...  0.02880155-7.43600984e-20j\n",
      "   0.00754783+4.89836749e-03j -0.00408907-1.13236496e-03j]\n",
      " [ 0.00709911-5.83279643e-05j  0.00587316-6.27793756e-03j\n",
      "  -0.00255186-3.80520836e-04j ...  0.00754783-4.89836749e-03j\n",
      "   0.02786606+2.81020025e-21j -0.00335542+8.00865982e-04j]\n",
      " [-0.00131196-3.78340530e-03j -0.00312564+8.78493955e-03j\n",
      "  -0.00018717-6.85162182e-03j ... -0.00408907+1.13236496e-03j\n",
      "  -0.00335542-8.00865982e-04j  0.03645653+1.01224189e-19j]]\n",
      "Initial state provided as density matrix.\n",
      "Purity of evolved state: (0.06397565801112472-1.5966571055743561e-19j)\n",
      "Participation ratio: (15.630945129569596+3.9010555551660535e-17j)\n",
      "purity of initial state = (0.0639756580111247+2.8185021319886844e-19j) \n",
      "Dimension of the Hilbert space: 32\n",
      "Initial state type: <class 'numpy.ndarray'> | initial_state: [[ 0.02546824+2.00700374e-19j  0.00578747-2.37371551e-03j\n",
      "  -0.00131175-3.84950795e-03j ...  0.00581685+2.17214545e-03j\n",
      "   0.00709911+5.83279643e-05j -0.00131196+3.78340530e-03j]\n",
      " [ 0.00578747+2.37371551e-03j  0.03328054+1.55834565e-19j\n",
      "   0.00220902+4.28222421e-03j ...  0.00760392+1.12090389e-03j\n",
      "   0.00587316+6.27793756e-03j -0.00312564-8.78493955e-03j]\n",
      " [-0.00131175+3.84950795e-03j  0.00220902-4.28222421e-03j\n",
      "   0.02338997-8.82002894e-20j ... -0.00040879-6.40970165e-03j\n",
      "  -0.00255186+3.80520836e-04j -0.00018717+6.85162182e-03j]\n",
      " ...\n",
      " [ 0.00581685-2.17214545e-03j  0.00760392-1.12090389e-03j\n",
      "  -0.00040879+6.40970165e-03j ...  0.02880155-7.43600984e-20j\n",
      "   0.00754783+4.89836749e-03j -0.00408907-1.13236496e-03j]\n",
      " [ 0.00709911-5.83279643e-05j  0.00587316-6.27793756e-03j\n",
      "  -0.00255186-3.80520836e-04j ...  0.00754783-4.89836749e-03j\n",
      "   0.02786606+2.81020025e-21j -0.00335542+8.00865982e-04j]\n",
      " [-0.00131196-3.78340530e-03j -0.00312564+8.78493955e-03j\n",
      "  -0.00018717-6.85162182e-03j ... -0.00408907+1.13236496e-03j\n",
      "  -0.00335542-8.00865982e-04j  0.03645653+1.01224189e-19j]]\n",
      "Initial state provided as density matrix.\n",
      "Purity of evolved state: (0.06397565801112472-1.7067713887174152e-19j)\n",
      "Participation ratio: (15.630945129569596+4.170093869315437e-17j)\n",
      "purity of initial state = (0.0639756580111247+2.8185021319886844e-19j) \n",
      "Dimension of the Hilbert space: 32\n",
      "Initial state type: <class 'numpy.ndarray'> | initial_state: [[ 0.02546824+2.00700374e-19j  0.00578747-2.37371551e-03j\n",
      "  -0.00131175-3.84950795e-03j ...  0.00581685+2.17214545e-03j\n",
      "   0.00709911+5.83279643e-05j -0.00131196+3.78340530e-03j]\n",
      " [ 0.00578747+2.37371551e-03j  0.03328054+1.55834565e-19j\n",
      "   0.00220902+4.28222421e-03j ...  0.00760392+1.12090389e-03j\n",
      "   0.00587316+6.27793756e-03j -0.00312564-8.78493955e-03j]\n",
      " [-0.00131175+3.84950795e-03j  0.00220902-4.28222421e-03j\n",
      "   0.02338997-8.82002894e-20j ... -0.00040879-6.40970165e-03j\n",
      "  -0.00255186+3.80520836e-04j -0.00018717+6.85162182e-03j]\n",
      " ...\n",
      " [ 0.00581685-2.17214545e-03j  0.00760392-1.12090389e-03j\n",
      "  -0.00040879+6.40970165e-03j ...  0.02880155-7.43600984e-20j\n",
      "   0.00754783+4.89836749e-03j -0.00408907-1.13236496e-03j]\n",
      " [ 0.00709911-5.83279643e-05j  0.00587316-6.27793756e-03j\n",
      "  -0.00255186-3.80520836e-04j ...  0.00754783-4.89836749e-03j\n",
      "   0.02786606+2.81020025e-21j -0.00335542+8.00865982e-04j]\n",
      " [-0.00131196-3.78340530e-03j -0.00312564+8.78493955e-03j\n",
      "  -0.00018717-6.85162182e-03j ... -0.00408907+1.13236496e-03j\n",
      "  -0.00335542-8.00865982e-04j  0.03645653+1.01224189e-19j]]\n",
      "Initial state provided as density matrix.\n",
      "Purity of evolved state: (0.06397565801112472+1.6855955650360577e-19j)\n",
      "Participation ratio: (15.630945129569596-4.1183557319790167e-17j)\n",
      "purity of initial state = (0.0639756580111247+2.8185021319886844e-19j) \n",
      "Dimension of the Hilbert space: 32\n",
      "Initial state type: <class 'numpy.ndarray'> | initial_state: [[ 0.02546824+2.00700374e-19j  0.00578747-2.37371551e-03j\n",
      "  -0.00131175-3.84950795e-03j ...  0.00581685+2.17214545e-03j\n",
      "   0.00709911+5.83279643e-05j -0.00131196+3.78340530e-03j]\n",
      " [ 0.00578747+2.37371551e-03j  0.03328054+1.55834565e-19j\n",
      "   0.00220902+4.28222421e-03j ...  0.00760392+1.12090389e-03j\n",
      "   0.00587316+6.27793756e-03j -0.00312564-8.78493955e-03j]\n",
      " [-0.00131175+3.84950795e-03j  0.00220902-4.28222421e-03j\n",
      "   0.02338997-8.82002894e-20j ... -0.00040879-6.40970165e-03j\n",
      "  -0.00255186+3.80520836e-04j -0.00018717+6.85162182e-03j]\n",
      " ...\n",
      " [ 0.00581685-2.17214545e-03j  0.00760392-1.12090389e-03j\n",
      "  -0.00040879+6.40970165e-03j ...  0.02880155-7.43600984e-20j\n",
      "   0.00754783+4.89836749e-03j -0.00408907-1.13236496e-03j]\n",
      " [ 0.00709911-5.83279643e-05j  0.00587316-6.27793756e-03j\n",
      "  -0.00255186-3.80520836e-04j ...  0.00754783-4.89836749e-03j\n",
      "   0.02786606+2.81020025e-21j -0.00335542+8.00865982e-04j]\n",
      " [-0.00131196-3.78340530e-03j -0.00312564+8.78493955e-03j\n",
      "  -0.00018717-6.85162182e-03j ... -0.00408907+1.13236496e-03j\n",
      "  -0.00335542-8.00865982e-04j  0.03645653+1.01224189e-19j]]\n",
      "Initial state provided as density matrix.\n",
      "Purity of evolved state: (0.0639756580111247-6.365452598616067e-19j)\n",
      "Participation ratio: (15.6309451295696+1.55524840833278e-16j)\n",
      "purity of initial state = (0.0639756580111247+2.8185021319886844e-19j) \n",
      "Dimension of the Hilbert space: 32\n",
      "Initial state type: <class 'numpy.ndarray'> | initial_state: [[ 0.02546824+2.00700374e-19j  0.00578747-2.37371551e-03j\n",
      "  -0.00131175-3.84950795e-03j ...  0.00581685+2.17214545e-03j\n",
      "   0.00709911+5.83279643e-05j -0.00131196+3.78340530e-03j]\n",
      " [ 0.00578747+2.37371551e-03j  0.03328054+1.55834565e-19j\n",
      "   0.00220902+4.28222421e-03j ...  0.00760392+1.12090389e-03j\n",
      "   0.00587316+6.27793756e-03j -0.00312564-8.78493955e-03j]\n",
      " [-0.00131175+3.84950795e-03j  0.00220902-4.28222421e-03j\n",
      "   0.02338997-8.82002894e-20j ... -0.00040879-6.40970165e-03j\n",
      "  -0.00255186+3.80520836e-04j -0.00018717+6.85162182e-03j]\n",
      " ...\n",
      " [ 0.00581685-2.17214545e-03j  0.00760392-1.12090389e-03j\n",
      "  -0.00040879+6.40970165e-03j ...  0.02880155-7.43600984e-20j\n",
      "   0.00754783+4.89836749e-03j -0.00408907-1.13236496e-03j]\n",
      " [ 0.00709911-5.83279643e-05j  0.00587316-6.27793756e-03j\n",
      "  -0.00255186-3.80520836e-04j ...  0.00754783-4.89836749e-03j\n",
      "   0.02786606+2.81020025e-21j -0.00335542+8.00865982e-04j]\n",
      " [-0.00131196-3.78340530e-03j -0.00312564+8.78493955e-03j\n",
      "  -0.00018717-6.85162182e-03j ... -0.00408907+1.13236496e-03j\n",
      "  -0.00335542-8.00865982e-04j  0.03645653+1.01224189e-19j]]\n",
      "Initial state provided as density matrix.\n",
      "Purity of evolved state: (0.06397565801112473+3.6247716186563715e-19j)\n",
      "Participation ratio: (15.630945129569593-8.856275658561657e-17j)\n",
      "purity of initial state = (0.0639756580111247+2.8185021319886844e-19j) \n",
      "Dimension of the Hilbert space: 32\n",
      "Initial state type: <class 'numpy.ndarray'> | initial_state: [[ 0.02546824+2.00700374e-19j  0.00578747-2.37371551e-03j\n",
      "  -0.00131175-3.84950795e-03j ...  0.00581685+2.17214545e-03j\n",
      "   0.00709911+5.83279643e-05j -0.00131196+3.78340530e-03j]\n",
      " [ 0.00578747+2.37371551e-03j  0.03328054+1.55834565e-19j\n",
      "   0.00220902+4.28222421e-03j ...  0.00760392+1.12090389e-03j\n",
      "   0.00587316+6.27793756e-03j -0.00312564-8.78493955e-03j]\n",
      " [-0.00131175+3.84950795e-03j  0.00220902-4.28222421e-03j\n",
      "   0.02338997-8.82002894e-20j ... -0.00040879-6.40970165e-03j\n",
      "  -0.00255186+3.80520836e-04j -0.00018717+6.85162182e-03j]\n",
      " ...\n",
      " [ 0.00581685-2.17214545e-03j  0.00760392-1.12090389e-03j\n",
      "  -0.00040879+6.40970165e-03j ...  0.02880155-7.43600984e-20j\n",
      "   0.00754783+4.89836749e-03j -0.00408907-1.13236496e-03j]\n",
      " [ 0.00709911-5.83279643e-05j  0.00587316-6.27793756e-03j\n",
      "  -0.00255186-3.80520836e-04j ...  0.00754783-4.89836749e-03j\n",
      "   0.02786606+2.81020025e-21j -0.00335542+8.00865982e-04j]\n",
      " [-0.00131196-3.78340530e-03j -0.00312564+8.78493955e-03j\n",
      "  -0.00018717-6.85162182e-03j ... -0.00408907+1.13236496e-03j\n",
      "  -0.00335542-8.00865982e-04j  0.03645653+1.01224189e-19j]]\n",
      "Initial state provided as density matrix.\n",
      "Purity of evolved state: (0.0639756580111247+3.2187251995663413e-19j)\n",
      "Participation ratio: (15.6309451295696-7.864196875135814e-17j)\n",
      "purity of initial state = (0.0639756580111247+2.8185021319886844e-19j) \n",
      "Dimension of the Hilbert space: 32\n",
      "Initial state type: <class 'numpy.ndarray'> | initial_state: [[ 0.02546824+2.00700374e-19j  0.00578747-2.37371551e-03j\n",
      "  -0.00131175-3.84950795e-03j ...  0.00581685+2.17214545e-03j\n",
      "   0.00709911+5.83279643e-05j -0.00131196+3.78340530e-03j]\n",
      " [ 0.00578747+2.37371551e-03j  0.03328054+1.55834565e-19j\n",
      "   0.00220902+4.28222421e-03j ...  0.00760392+1.12090389e-03j\n",
      "   0.00587316+6.27793756e-03j -0.00312564-8.78493955e-03j]\n",
      " [-0.00131175+3.84950795e-03j  0.00220902-4.28222421e-03j\n",
      "   0.02338997-8.82002894e-20j ... -0.00040879-6.40970165e-03j\n",
      "  -0.00255186+3.80520836e-04j -0.00018717+6.85162182e-03j]\n",
      " ...\n",
      " [ 0.00581685-2.17214545e-03j  0.00760392-1.12090389e-03j\n",
      "  -0.00040879+6.40970165e-03j ...  0.02880155-7.43600984e-20j\n",
      "   0.00754783+4.89836749e-03j -0.00408907-1.13236496e-03j]\n",
      " [ 0.00709911-5.83279643e-05j  0.00587316-6.27793756e-03j\n",
      "  -0.00255186-3.80520836e-04j ...  0.00754783-4.89836749e-03j\n",
      "   0.02786606+2.81020025e-21j -0.00335542+8.00865982e-04j]\n",
      " [-0.00131196-3.78340530e-03j -0.00312564+8.78493955e-03j\n",
      "  -0.00018717-6.85162182e-03j ... -0.00408907+1.13236496e-03j\n",
      "  -0.00335542-8.00865982e-04j  0.03645653+1.01224189e-19j]]\n",
      "Initial state provided as density matrix.\n",
      "Purity of evolved state: (0.0639756580111247+5.921819092491627e-19j)\n",
      "Participation ratio: (15.6309451295696-1.4468570106129806e-16j)\n",
      "purity of initial state = (0.0639756580111247+2.8185021319886844e-19j) \n",
      "Dimension of the Hilbert space: 32\n",
      "Initial state type: <class 'numpy.ndarray'> | initial_state: [[ 0.02546824+2.00700374e-19j  0.00578747-2.37371551e-03j\n",
      "  -0.00131175-3.84950795e-03j ...  0.00581685+2.17214545e-03j\n",
      "   0.00709911+5.83279643e-05j -0.00131196+3.78340530e-03j]\n",
      " [ 0.00578747+2.37371551e-03j  0.03328054+1.55834565e-19j\n",
      "   0.00220902+4.28222421e-03j ...  0.00760392+1.12090389e-03j\n",
      "   0.00587316+6.27793756e-03j -0.00312564-8.78493955e-03j]\n",
      " [-0.00131175+3.84950795e-03j  0.00220902-4.28222421e-03j\n",
      "   0.02338997-8.82002894e-20j ... -0.00040879-6.40970165e-03j\n",
      "  -0.00255186+3.80520836e-04j -0.00018717+6.85162182e-03j]\n",
      " ...\n",
      " [ 0.00581685-2.17214545e-03j  0.00760392-1.12090389e-03j\n",
      "  -0.00040879+6.40970165e-03j ...  0.02880155-7.43600984e-20j\n",
      "   0.00754783+4.89836749e-03j -0.00408907-1.13236496e-03j]\n",
      " [ 0.00709911-5.83279643e-05j  0.00587316-6.27793756e-03j\n",
      "  -0.00255186-3.80520836e-04j ...  0.00754783-4.89836749e-03j\n",
      "   0.02786606+2.81020025e-21j -0.00335542+8.00865982e-04j]\n",
      " [-0.00131196-3.78340530e-03j -0.00312564+8.78493955e-03j\n",
      "  -0.00018717-6.85162182e-03j ... -0.00408907+1.13236496e-03j\n",
      "  -0.00335542-8.00865982e-04j  0.03645653+1.01224189e-19j]]\n",
      "Initial state provided as density matrix.\n",
      "Purity of evolved state: (0.0639756580111247+4.200224627197262e-19j)\n",
      "Participation ratio: (15.6309451295696-1.0262259540678874e-16j)\n",
      "purity of initial state = (0.0639756580111247+2.8185021319886844e-19j) \n",
      "Dimension of the Hilbert space: 32\n",
      "Initial state type: <class 'numpy.ndarray'> | initial_state: [[ 0.02546824+2.00700374e-19j  0.00578747-2.37371551e-03j\n",
      "  -0.00131175-3.84950795e-03j ...  0.00581685+2.17214545e-03j\n",
      "   0.00709911+5.83279643e-05j -0.00131196+3.78340530e-03j]\n",
      " [ 0.00578747+2.37371551e-03j  0.03328054+1.55834565e-19j\n",
      "   0.00220902+4.28222421e-03j ...  0.00760392+1.12090389e-03j\n",
      "   0.00587316+6.27793756e-03j -0.00312564-8.78493955e-03j]\n",
      " [-0.00131175+3.84950795e-03j  0.00220902-4.28222421e-03j\n",
      "   0.02338997-8.82002894e-20j ... -0.00040879-6.40970165e-03j\n",
      "  -0.00255186+3.80520836e-04j -0.00018717+6.85162182e-03j]\n",
      " ...\n",
      " [ 0.00581685-2.17214545e-03j  0.00760392-1.12090389e-03j\n",
      "  -0.00040879+6.40970165e-03j ...  0.02880155-7.43600984e-20j\n",
      "   0.00754783+4.89836749e-03j -0.00408907-1.13236496e-03j]\n",
      " [ 0.00709911-5.83279643e-05j  0.00587316-6.27793756e-03j\n",
      "  -0.00255186-3.80520836e-04j ...  0.00754783-4.89836749e-03j\n",
      "   0.02786606+2.81020025e-21j -0.00335542+8.00865982e-04j]\n",
      " [-0.00131196-3.78340530e-03j -0.00312564+8.78493955e-03j\n",
      "  -0.00018717-6.85162182e-03j ... -0.00408907+1.13236496e-03j\n",
      "  -0.00335542-8.00865982e-04j  0.03645653+1.01224189e-19j]]\n",
      "Initial state provided as density matrix.\n",
      "Purity of evolved state: (0.06397565801112472-2.8587361969832636e-19j)\n",
      "Participation ratio: (15.630945129569596+6.984648540416674e-17j)\n",
      "purity of initial state = (0.0639756580111247+2.8185021319886844e-19j) \n",
      "Dimension of the Hilbert space: 32\n",
      "Initial state type: <class 'numpy.ndarray'> | initial_state: [[ 0.02546824+2.00700374e-19j  0.00578747-2.37371551e-03j\n",
      "  -0.00131175-3.84950795e-03j ...  0.00581685+2.17214545e-03j\n",
      "   0.00709911+5.83279643e-05j -0.00131196+3.78340530e-03j]\n",
      " [ 0.00578747+2.37371551e-03j  0.03328054+1.55834565e-19j\n",
      "   0.00220902+4.28222421e-03j ...  0.00760392+1.12090389e-03j\n",
      "   0.00587316+6.27793756e-03j -0.00312564-8.78493955e-03j]\n",
      " [-0.00131175+3.84950795e-03j  0.00220902-4.28222421e-03j\n",
      "   0.02338997-8.82002894e-20j ... -0.00040879-6.40970165e-03j\n",
      "  -0.00255186+3.80520836e-04j -0.00018717+6.85162182e-03j]\n",
      " ...\n",
      " [ 0.00581685-2.17214545e-03j  0.00760392-1.12090389e-03j\n",
      "  -0.00040879+6.40970165e-03j ...  0.02880155-7.43600984e-20j\n",
      "   0.00754783+4.89836749e-03j -0.00408907-1.13236496e-03j]\n",
      " [ 0.00709911-5.83279643e-05j  0.00587316-6.27793756e-03j\n",
      "  -0.00255186-3.80520836e-04j ...  0.00754783-4.89836749e-03j\n",
      "   0.02786606+2.81020025e-21j -0.00335542+8.00865982e-04j]\n",
      " [-0.00131196-3.78340530e-03j -0.00312564+8.78493955e-03j\n",
      "  -0.00018717-6.85162182e-03j ... -0.00408907+1.13236496e-03j\n",
      "  -0.00335542-8.00865982e-04j  0.03645653+1.01224189e-19j]]\n",
      "Initial state provided as density matrix.\n",
      "Purity of evolved state: (0.06397565801112472+7.608473448711753e-19j)\n",
      "Participation ratio: (15.630945129569596-1.8589512744975635e-16j)\n",
      "purity of initial state = (0.0639756580111247+2.8185021319886844e-19j) \n",
      "Dimension of the Hilbert space: 32\n",
      "Initial state type: <class 'numpy.ndarray'> | initial_state: [[ 0.02546824+2.00700374e-19j  0.00578747-2.37371551e-03j\n",
      "  -0.00131175-3.84950795e-03j ...  0.00581685+2.17214545e-03j\n",
      "   0.00709911+5.83279643e-05j -0.00131196+3.78340530e-03j]\n",
      " [ 0.00578747+2.37371551e-03j  0.03328054+1.55834565e-19j\n",
      "   0.00220902+4.28222421e-03j ...  0.00760392+1.12090389e-03j\n",
      "   0.00587316+6.27793756e-03j -0.00312564-8.78493955e-03j]\n",
      " [-0.00131175+3.84950795e-03j  0.00220902-4.28222421e-03j\n",
      "   0.02338997-8.82002894e-20j ... -0.00040879-6.40970165e-03j\n",
      "  -0.00255186+3.80520836e-04j -0.00018717+6.85162182e-03j]\n",
      " ...\n",
      " [ 0.00581685-2.17214545e-03j  0.00760392-1.12090389e-03j\n",
      "  -0.00040879+6.40970165e-03j ...  0.02880155-7.43600984e-20j\n",
      "   0.00754783+4.89836749e-03j -0.00408907-1.13236496e-03j]\n",
      " [ 0.00709911-5.83279643e-05j  0.00587316-6.27793756e-03j\n",
      "  -0.00255186-3.80520836e-04j ...  0.00754783-4.89836749e-03j\n",
      "   0.02786606+2.81020025e-21j -0.00335542+8.00865982e-04j]\n",
      " [-0.00131196-3.78340530e-03j -0.00312564+8.78493955e-03j\n",
      "  -0.00018717-6.85162182e-03j ... -0.00408907+1.13236496e-03j\n",
      "  -0.00335542-8.00865982e-04j  0.03645653+1.01224189e-19j]]\n",
      "Initial state provided as density matrix.\n",
      "Purity of evolved state: (0.06397565801112472-9.283481101907132e-19j)\n",
      "Participation ratio: (15.630945129569596+2.2681999408286445e-16j)\n",
      "purity of initial state = (0.0639756580111247+2.8185021319886844e-19j) \n",
      "Dimension of the Hilbert space: 32\n",
      "Initial state type: <class 'numpy.ndarray'> | initial_state: [[ 0.02546824+2.00700374e-19j  0.00578747-2.37371551e-03j\n",
      "  -0.00131175-3.84950795e-03j ...  0.00581685+2.17214545e-03j\n",
      "   0.00709911+5.83279643e-05j -0.00131196+3.78340530e-03j]\n",
      " [ 0.00578747+2.37371551e-03j  0.03328054+1.55834565e-19j\n",
      "   0.00220902+4.28222421e-03j ...  0.00760392+1.12090389e-03j\n",
      "   0.00587316+6.27793756e-03j -0.00312564-8.78493955e-03j]\n",
      " [-0.00131175+3.84950795e-03j  0.00220902-4.28222421e-03j\n",
      "   0.02338997-8.82002894e-20j ... -0.00040879-6.40970165e-03j\n",
      "  -0.00255186+3.80520836e-04j -0.00018717+6.85162182e-03j]\n",
      " ...\n",
      " [ 0.00581685-2.17214545e-03j  0.00760392-1.12090389e-03j\n",
      "  -0.00040879+6.40970165e-03j ...  0.02880155-7.43600984e-20j\n",
      "   0.00754783+4.89836749e-03j -0.00408907-1.13236496e-03j]\n",
      " [ 0.00709911-5.83279643e-05j  0.00587316-6.27793756e-03j\n",
      "  -0.00255186-3.80520836e-04j ...  0.00754783-4.89836749e-03j\n",
      "   0.02786606+2.81020025e-21j -0.00335542+8.00865982e-04j]\n",
      " [-0.00131196-3.78340530e-03j -0.00312564+8.78493955e-03j\n",
      "  -0.00018717-6.85162182e-03j ... -0.00408907+1.13236496e-03j\n",
      "  -0.00335542-8.00865982e-04j  0.03645653+1.01224189e-19j]]\n",
      "Initial state provided as density matrix.\n",
      "Purity of evolved state: (0.06397565801112472+8.300922883092143e-19j)\n",
      "Participation ratio: (15.630945129569596-2.0281349835876564e-16j)\n",
      "purity of initial state = (0.0639756580111247+2.8185021319886844e-19j) \n",
      "Dimension of the Hilbert space: 32\n",
      "Initial state type: <class 'numpy.ndarray'> | initial_state: [[ 0.02546824+2.00700374e-19j  0.00578747-2.37371551e-03j\n",
      "  -0.00131175-3.84950795e-03j ...  0.00581685+2.17214545e-03j\n",
      "   0.00709911+5.83279643e-05j -0.00131196+3.78340530e-03j]\n",
      " [ 0.00578747+2.37371551e-03j  0.03328054+1.55834565e-19j\n",
      "   0.00220902+4.28222421e-03j ...  0.00760392+1.12090389e-03j\n",
      "   0.00587316+6.27793756e-03j -0.00312564-8.78493955e-03j]\n",
      " [-0.00131175+3.84950795e-03j  0.00220902-4.28222421e-03j\n",
      "   0.02338997-8.82002894e-20j ... -0.00040879-6.40970165e-03j\n",
      "  -0.00255186+3.80520836e-04j -0.00018717+6.85162182e-03j]\n",
      " ...\n",
      " [ 0.00581685-2.17214545e-03j  0.00760392-1.12090389e-03j\n",
      "  -0.00040879+6.40970165e-03j ...  0.02880155-7.43600984e-20j\n",
      "   0.00754783+4.89836749e-03j -0.00408907-1.13236496e-03j]\n",
      " [ 0.00709911-5.83279643e-05j  0.00587316-6.27793756e-03j\n",
      "  -0.00255186-3.80520836e-04j ...  0.00754783-4.89836749e-03j\n",
      "   0.02786606+2.81020025e-21j -0.00335542+8.00865982e-04j]\n",
      " [-0.00131196-3.78340530e-03j -0.00312564+8.78493955e-03j\n",
      "  -0.00018717-6.85162182e-03j ... -0.00408907+1.13236496e-03j\n",
      "  -0.00335542-8.00865982e-04j  0.03645653+1.01224189e-19j]]\n",
      "Initial state provided as density matrix.\n",
      "Purity of evolved state: (0.0639756580111247+1.1519648082658485e-19j)\n",
      "Participation ratio: (15.6309451295696-2.8145546711012383e-17j)\n",
      "purity of initial state = (0.0639756580111247+2.8185021319886844e-19j) \n",
      "Dimension of the Hilbert space: 32\n",
      "Initial state type: <class 'numpy.ndarray'> | initial_state: [[ 0.02546824+2.00700374e-19j  0.00578747-2.37371551e-03j\n",
      "  -0.00131175-3.84950795e-03j ...  0.00581685+2.17214545e-03j\n",
      "   0.00709911+5.83279643e-05j -0.00131196+3.78340530e-03j]\n",
      " [ 0.00578747+2.37371551e-03j  0.03328054+1.55834565e-19j\n",
      "   0.00220902+4.28222421e-03j ...  0.00760392+1.12090389e-03j\n",
      "   0.00587316+6.27793756e-03j -0.00312564-8.78493955e-03j]\n",
      " [-0.00131175+3.84950795e-03j  0.00220902-4.28222421e-03j\n",
      "   0.02338997-8.82002894e-20j ... -0.00040879-6.40970165e-03j\n",
      "  -0.00255186+3.80520836e-04j -0.00018717+6.85162182e-03j]\n",
      " ...\n",
      " [ 0.00581685-2.17214545e-03j  0.00760392-1.12090389e-03j\n",
      "  -0.00040879+6.40970165e-03j ...  0.02880155-7.43600984e-20j\n",
      "   0.00754783+4.89836749e-03j -0.00408907-1.13236496e-03j]\n",
      " [ 0.00709911-5.83279643e-05j  0.00587316-6.27793756e-03j\n",
      "  -0.00255186-3.80520836e-04j ...  0.00754783-4.89836749e-03j\n",
      "   0.02786606+2.81020025e-21j -0.00335542+8.00865982e-04j]\n",
      " [-0.00131196-3.78340530e-03j -0.00312564+8.78493955e-03j\n",
      "  -0.00018717-6.85162182e-03j ... -0.00408907+1.13236496e-03j\n",
      "  -0.00335542-8.00865982e-04j  0.03645653+1.01224189e-19j]]\n",
      "Initial state provided as density matrix.\n",
      "Purity of evolved state: (0.06397565801112473-1.9947625907838773e-19j)\n",
      "Participation ratio: (15.630945129569593+4.873732537090743e-17j)\n",
      "purity of initial state = (0.0639756580111247+2.8185021319886844e-19j) \n",
      "Dimension of the Hilbert space: 32\n",
      "Initial state type: <class 'numpy.ndarray'> | initial_state: [[ 0.02546824+2.00700374e-19j  0.00578747-2.37371551e-03j\n",
      "  -0.00131175-3.84950795e-03j ...  0.00581685+2.17214545e-03j\n",
      "   0.00709911+5.83279643e-05j -0.00131196+3.78340530e-03j]\n",
      " [ 0.00578747+2.37371551e-03j  0.03328054+1.55834565e-19j\n",
      "   0.00220902+4.28222421e-03j ...  0.00760392+1.12090389e-03j\n",
      "   0.00587316+6.27793756e-03j -0.00312564-8.78493955e-03j]\n",
      " [-0.00131175+3.84950795e-03j  0.00220902-4.28222421e-03j\n",
      "   0.02338997-8.82002894e-20j ... -0.00040879-6.40970165e-03j\n",
      "  -0.00255186+3.80520836e-04j -0.00018717+6.85162182e-03j]\n",
      " ...\n",
      " [ 0.00581685-2.17214545e-03j  0.00760392-1.12090389e-03j\n",
      "  -0.00040879+6.40970165e-03j ...  0.02880155-7.43600984e-20j\n",
      "   0.00754783+4.89836749e-03j -0.00408907-1.13236496e-03j]\n",
      " [ 0.00709911-5.83279643e-05j  0.00587316-6.27793756e-03j\n",
      "  -0.00255186-3.80520836e-04j ...  0.00754783-4.89836749e-03j\n",
      "   0.02786606+2.81020025e-21j -0.00335542+8.00865982e-04j]\n",
      " [-0.00131196-3.78340530e-03j -0.00312564+8.78493955e-03j\n",
      "  -0.00018717-6.85162182e-03j ... -0.00408907+1.13236496e-03j\n",
      "  -0.00335542-8.00865982e-04j  0.03645653+1.01224189e-19j]]\n",
      "Initial state provided as density matrix.\n",
      "Purity of evolved state: (0.0639756580111247+7.589415207398531e-19j)\n",
      "Participation ratio: (15.6309451295696-1.8542948421372866e-16j)\n",
      "purity of initial state = (0.0639756580111247+2.8185021319886844e-19j) \n",
      "Dimension of the Hilbert space: 32\n",
      "Initial state type: <class 'numpy.ndarray'> | initial_state: [[ 0.02546824+2.00700374e-19j  0.00578747-2.37371551e-03j\n",
      "  -0.00131175-3.84950795e-03j ...  0.00581685+2.17214545e-03j\n",
      "   0.00709911+5.83279643e-05j -0.00131196+3.78340530e-03j]\n",
      " [ 0.00578747+2.37371551e-03j  0.03328054+1.55834565e-19j\n",
      "   0.00220902+4.28222421e-03j ...  0.00760392+1.12090389e-03j\n",
      "   0.00587316+6.27793756e-03j -0.00312564-8.78493955e-03j]\n",
      " [-0.00131175+3.84950795e-03j  0.00220902-4.28222421e-03j\n",
      "   0.02338997-8.82002894e-20j ... -0.00040879-6.40970165e-03j\n",
      "  -0.00255186+3.80520836e-04j -0.00018717+6.85162182e-03j]\n",
      " ...\n",
      " [ 0.00581685-2.17214545e-03j  0.00760392-1.12090389e-03j\n",
      "  -0.00040879+6.40970165e-03j ...  0.02880155-7.43600984e-20j\n",
      "   0.00754783+4.89836749e-03j -0.00408907-1.13236496e-03j]\n",
      " [ 0.00709911-5.83279643e-05j  0.00587316-6.27793756e-03j\n",
      "  -0.00255186-3.80520836e-04j ...  0.00754783-4.89836749e-03j\n",
      "   0.02786606+2.81020025e-21j -0.00335542+8.00865982e-04j]\n",
      " [-0.00131196-3.78340530e-03j -0.00312564+8.78493955e-03j\n",
      "  -0.00018717-6.85162182e-03j ... -0.00408907+1.13236496e-03j\n",
      "  -0.00335542-8.00865982e-04j  0.03645653+1.01224189e-19j]]\n",
      "Initial state provided as density matrix.\n",
      "Purity of evolved state: (0.0639756580111247+1.3417001884508117e-18j)\n",
      "Participation ratio: (15.6309451295696-3.2781283816355605e-16j)\n",
      "purity of initial state = (0.0639756580111247+2.8185021319886844e-19j) \n",
      "Dimension of the Hilbert space: 32\n",
      "Initial state type: <class 'numpy.ndarray'> | initial_state: [[ 0.02546824+2.00700374e-19j  0.00578747-2.37371551e-03j\n",
      "  -0.00131175-3.84950795e-03j ...  0.00581685+2.17214545e-03j\n",
      "   0.00709911+5.83279643e-05j -0.00131196+3.78340530e-03j]\n",
      " [ 0.00578747+2.37371551e-03j  0.03328054+1.55834565e-19j\n",
      "   0.00220902+4.28222421e-03j ...  0.00760392+1.12090389e-03j\n",
      "   0.00587316+6.27793756e-03j -0.00312564-8.78493955e-03j]\n",
      " [-0.00131175+3.84950795e-03j  0.00220902-4.28222421e-03j\n",
      "   0.02338997-8.82002894e-20j ... -0.00040879-6.40970165e-03j\n",
      "  -0.00255186+3.80520836e-04j -0.00018717+6.85162182e-03j]\n",
      " ...\n",
      " [ 0.00581685-2.17214545e-03j  0.00760392-1.12090389e-03j\n",
      "  -0.00040879+6.40970165e-03j ...  0.02880155-7.43600984e-20j\n",
      "   0.00754783+4.89836749e-03j -0.00408907-1.13236496e-03j]\n",
      " [ 0.00709911-5.83279643e-05j  0.00587316-6.27793756e-03j\n",
      "  -0.00255186-3.80520836e-04j ...  0.00754783-4.89836749e-03j\n",
      "   0.02786606+2.81020025e-21j -0.00335542+8.00865982e-04j]\n",
      " [-0.00131196-3.78340530e-03j -0.00312564+8.78493955e-03j\n",
      "  -0.00018717-6.85162182e-03j ... -0.00408907+1.13236496e-03j\n",
      "  -0.00335542-8.00865982e-04j  0.03645653+1.01224189e-19j]]\n",
      "Initial state provided as density matrix.\n",
      "Purity of evolved state: (0.06397565801112472+9.774760211314626e-19j)\n",
      "Participation ratio: (15.630945129569596-2.3882324194491384e-16j)\n"
     ]
    }
   ],
   "source": [
    "n = 5 ## numero finale di qubit\n",
    "N = 10 ## numero di qubit prima della traccia parziale\n",
    "\n",
    "h_z_s = np.linspace(0, 2.5, num=20) # spazio dei valori di h_z\n",
    "\n",
    "a_x= 1\n",
    "\n",
    "delta = 0.5\n",
    "derivative_delta = 1e-5\n",
    "\n",
    "m = 16\n",
    "DEBUG=True\n",
    "initial_state = helper_functions.random_mixed_density_matrix(N, n)\n",
    "\n",
    "# ket = qutip.rand_ket(2**n, distribution=\"haar\").full().flatten()\n",
    "\n",
    "y_s = np.array([pipeline_v200.simulation(\n",
    "                        N=N,\n",
    "                        n=n,\n",
    "                        initial_state= initial_state,\n",
    "                        DEBUG=True,\n",
    "                        derivative_delta=derivative_delta,\n",
    "                        a_x= a_x, \n",
    "                        h_z= h_z, ## variable\n",
    "                        delta = delta,\n",
    "                        m = m) for h_z in h_z_s])\n",
    "\n",
    "# just for plotting clarity\n",
    "sparse_indices = np.array([i for i in list(range(len(h_z_s))) if i%10==0])"
   ]
  },
  {
   "cell_type": "code",
   "execution_count": 18,
   "metadata": {},
   "outputs": [
    {
     "data": {
      "text/plain": [
       "{'fidelity_truncated': 0.7206022828925078,\n",
       " 'fidelity_truncated_generalized': (0.8294318181542812+1.0131490265597794e-18j),\n",
       " 'lower_tqfi': (5.458181819063-3.242076884991294e-17j),\n",
       " 'upper_tqfi': 8.94072694743975,\n",
       " 'fidelity_true': 0.86524243213406161826,\n",
       " 'qfi_fidelity': 4.3122421717100282157,\n",
       " 'sub_qfi_bound': 0.3552173772432319,\n",
       " 'super_qfi_bound': 22.166355383972437,\n",
       " 'trace_rho': (0.9999999999999997-3.5236570605778894e-18j),\n",
       " 'trace_rho_delta': (0.9999999999999997+6.505213034913027e-19j),\n",
       " 'purity_rho': (0.0639756580111247-5.569241628197025e-19j),\n",
       " 'purity_rho_delta': (0.0639756580111247+3.993760346304026e-19j),\n",
       " 'rank_rho': 32,\n",
       " 'rank_rho_delta': 32,\n",
       " 'truncated_eigenvalues': array([0.11397179, 0.10179128, 0.09192023, 0.08258035, 0.0732387 ,\n",
       "        0.06182957, 0.05860526, 0.05053044, 0.04734936, 0.04094922,\n",
       "        0.03777574, 0.03279004, 0.03014546, 0.02435977, 0.02243589,\n",
       "        0.02089736]),\n",
       " 'eigenvalues': array([1.13971786e-01, 1.01791281e-01, 9.19202285e-02, 8.25803536e-02,\n",
       "        7.32386994e-02, 6.18295695e-02, 5.86052645e-02, 5.05304372e-02,\n",
       "        4.73493629e-02, 4.09492173e-02, 3.77757383e-02, 3.27900394e-02,\n",
       "        3.01454642e-02, 2.43597737e-02, 2.24358918e-02, 2.08973565e-02,\n",
       "        1.92789054e-02, 1.66526078e-02, 1.40008197e-02, 1.20362829e-02,\n",
       "        1.04398621e-02, 9.34384639e-03, 6.95009274e-03, 5.92818279e-03,\n",
       "        4.82875619e-03, 3.91559178e-03, 2.49385415e-03, 1.57391117e-03,\n",
       "        8.49181329e-04, 3.95522106e-04, 1.34516388e-04, 7.60221678e-06]),\n",
       " 'QFI_from_SLD': 9405682965.250107}"
      ]
     },
     "execution_count": 18,
     "metadata": {},
     "output_type": "execute_result"
    }
   ],
   "source": [
    "y_s[0]"
   ]
  },
  {
   "cell_type": "code",
   "execution_count": 19,
   "metadata": {},
   "outputs": [
    {
     "name": "stdout",
     "output_type": "stream",
     "text": [
      "3.375011557682599e-17\n"
     ]
    }
   ],
   "source": [
    "# pipelines return debug info only if we are in DEBUG==True\n",
    "purity_rho = np.array([np.real(x[\"purity_rho\"]) for x in y_s ])\n",
    "purity_rho_delta = np.array([np.real(x[\"purity_rho_delta\"]) for x in y_s ])\n",
    "lower_tqfi = np.array([np.real(x[\"lower_tqfi\"]) for x in y_s ])\n",
    "upper_tqfi = np.array([np.real(x[\"upper_tqfi\"]) for x in y_s ])\n",
    "qfi_fidelity = np.array([np.real(x[\"qfi_fidelity\"]) for x in y_s ])\n",
    "true_fidelity = np.array([np.real(x[\"fidelity_true\"]) for x in y_s ])\n",
    "fidelity_truncated = np.array([np.real(x[\"fidelity_truncated\"]) for x in y_s ])\n",
    "fidelity_generalized = np.array([np.real(x[\"fidelity_truncated_generalized\"]) for x in y_s ])\n",
    "\n",
    "sub_qfi_bound = np.array([np.real(x[\"sub_qfi_bound\"]) for x in y_s ])\n",
    "super_qfi_bound = np.array([np.real(x[\"super_qfi_bound\"]) for x in y_s ])\n",
    "qfi_from_sld = np.array([np.real(x[\"QFI_from_SLD\"]) for x in y_s ])\n",
    "\n",
    "error = np.max([np.imag(x[\"lower_tqfi\"]) for x in y_s ])\n",
    "print(error)"
   ]
  },
  {
   "cell_type": "code",
   "execution_count": 20,
   "metadata": {},
   "outputs": [
    {
     "data": {
      "text/plain": [
       "<matplotlib.legend.Legend at 0x747d999a33e0>"
      ]
     },
     "execution_count": 20,
     "metadata": {},
     "output_type": "execute_result"
    },
    {
     "data": {
