{
 "cells": [
  {
   "cell_type": "code",
   "execution_count": 73,
   "metadata": {},
   "outputs": [],
   "source": [
    "from importlib import reload\n",
    "import numpy as np\n",
    "import matplotlib.pyplot as plt\n",
    "import seaborn as sns\n",
    "import pipeline_v200\n",
    "reload(pipeline_v200)\n",
    "import qutip\n",
    "\n",
    "sns.set_palette(\"Set2\")\n",
    "# sns.color_palette(\"Set2\")"
   ]
  },
  {
   "cell_type": "code",
   "execution_count": 74,
   "metadata": {},
   "outputs": [
    {
     "name": "stdout",
     "output_type": "stream",
     "text": [
      "Generating random initial state\n",
      "purity of initial state = (0.13207005670801517-1.8422966602781032e-19j) \n",
      "Dimension of the Hilbert space: 128\n",
      "Initial state type: <class 'numpy.ndarray'> | initial_state: [[ 0.00654386+1.28203349e-20j  0.00082011+3.69584535e-03j\n",
      "   0.00191331-1.65142955e-03j ... -0.00409103-2.88257466e-03j\n",
      "  -0.00086562+3.95243652e-03j -0.00292782+7.94066089e-04j]\n",
      " [ 0.00082011-3.69584535e-03j  0.00615243+2.90290892e-20j\n",
      "  -0.00078229-1.44272191e-03j ... -0.00292309+3.29409929e-03j\n",
      "   0.00352458+8.87324367e-04j  0.00125143+1.57878044e-03j]\n",
      " [ 0.00191331+1.65142955e-03j -0.00078229+1.44272191e-03j\n",
      "   0.00364132-3.72333481e-21j ... -0.00073216-1.62876472e-03j\n",
      "  -0.00270177+1.47693735e-03j  0.00015633-3.35474791e-04j]\n",
      " ...\n",
      " [-0.00409103+2.88257466e-03j -0.00292309-3.29409929e-03j\n",
      "  -0.00073216+1.62876472e-03j ...  0.00721172-1.07031068e-20j\n",
      "  -0.00254594-4.15495239e-03j  0.00039503-2.08350001e-03j]\n",
      " [-0.00086562-3.95243652e-03j  0.00352458-8.87324367e-04j\n",
      "  -0.00270177-1.47693735e-03j ... -0.00254594+4.15495239e-03j\n",
      "   0.00679469-4.35984703e-20j -0.00039781+1.46352014e-03j]\n",
      " [-0.00292782-7.94066089e-04j  0.00125143-1.57878044e-03j\n",
      "   0.00015633+3.35474791e-04j ...  0.00039503+2.08350001e-03j\n",
      "  -0.00039781-1.46352014e-03j  0.00888196+7.25634630e-20j]]\n",
      "Initial state provided as density matrix.\n",
      "Purity of evolved state: (0.13207005670801575-1.6943305923046176e-19j)\n",
      "Participation ratio: (7.571739006751762+9.713805957128097e-18j)\n",
      "Generating random initial state\n",
      "purity of initial state = (0.1325392580625673+1.7178886961501279e-19j) \n",
      "Dimension of the Hilbert space: 128\n",
      "Initial state type: <class 'numpy.ndarray'> | initial_state: [[ 7.46303167e-03-1.26175662e-20j  3.24998147e-04+4.73293705e-03j\n",
      "  -1.07727534e-03-1.98522005e-03j ... -6.78317069e-04+4.08217733e-04j\n",
      "  -8.81627175e-04-5.64889163e-04j -1.63824671e-03-7.64671280e-05j]\n",
      " [ 3.24998147e-04-4.73293705e-03j  6.86844253e-03+1.35892080e-21j\n",
      "  -8.65838124e-05+3.98369751e-03j ...  6.45096672e-04+1.31519576e-03j\n",
      "  -2.61998864e-03-9.94699679e-04j -2.92158216e-03+5.08078212e-04j]\n",
      " [-1.07727534e-03+1.98522005e-03j -8.65838124e-05-3.98369751e-03j\n",
      "   1.17192335e-02-4.87729375e-20j ...  1.66730035e-03-4.72408344e-03j\n",
      "   1.77480959e-03-1.36792166e-03j -1.72931823e-03-1.77734187e-03j]\n",
      " ...\n",
      " [-6.78317069e-04-4.08217733e-04j  6.45096672e-04-1.31519576e-03j\n",
      "   1.66730035e-03+4.72408344e-03j ...  6.81133069e-03+1.64634756e-20j\n",
      "  -3.02369624e-05+2.64730123e-03j  6.41841511e-04+5.79470585e-04j]\n",
      " [-8.81627175e-04+5.64889163e-04j -2.61998864e-03+9.94699679e-04j\n",
      "   1.77480959e-03+1.36792166e-03j ... -3.02369624e-05-2.64730123e-03j\n",
      "   8.36002174e-03+3.99093483e-20j  6.25790138e-03-1.86660513e-03j]\n",
      " [-1.63824671e-03+7.64671280e-05j -2.92158216e-03-5.08078212e-04j\n",
      "  -1.72931823e-03+1.77734187e-03j ...  6.41841511e-04-5.79470585e-04j\n",
      "   6.25790138e-03+1.86660513e-03j  1.62734537e-02+3.05118525e-19j]]\n",
      "Initial state provided as density matrix.\n",
      "Purity of evolved state: (0.1325392580625673+1.3783343634195602e-18j)\n",
      "Participation ratio: (7.5449343433621285-7.846310917397162e-17j)\n",
      "Generating random initial state\n",
      "purity of initial state = (0.13301665195119958-1.6474790824096142e-19j) \n",
      "Dimension of the Hilbert space: 128\n",
      "Initial state type: <class 'numpy.ndarray'> | initial_state: [[ 0.00794051+4.27519746e-20j  0.00071626-1.15329915e-03j\n",
      "   0.00117925+9.54260946e-04j ... -0.00363135+4.05460079e-03j\n",
      "  -0.00073713-1.25155636e-03j -0.00170659+4.43676265e-04j]\n",
      " [ 0.00071626+1.15329915e-03j  0.01058369+2.98127445e-20j\n",
      "  -0.00030278-1.38931505e-03j ...  0.00032486-2.69332597e-04j\n",
      "   0.00498323-1.62273315e-03j -0.0025392 +6.79129222e-04j]\n",
      " [ 0.00117925-9.54260946e-04j -0.00030278+1.38931505e-03j\n",
      "   0.01147511-4.83774827e-20j ... -0.00137721+1.76596973e-03j\n",
      "   0.00053585+1.53987879e-03j  0.00150043+1.06616569e-03j]\n",
      " ...\n",
      " [-0.00363135-4.05460079e-03j  0.00032486+2.69332597e-04j\n",
      "  -0.00137721-1.76596973e-03j ...  0.01032763+1.11093676e-19j\n",
      "   0.00089115-2.94562167e-04j  0.00260575+9.18193046e-04j]\n",
      " [-0.00073713+1.25155636e-03j  0.00498323+1.62273315e-03j\n",
      "   0.00053585-1.53987879e-03j ...  0.00089115+2.94562167e-04j\n",
      "   0.00510436-4.63903670e-20j -0.00111562-3.11273407e-04j]\n",
      " [-0.00170659-4.43676265e-04j -0.0025392 -6.79129222e-04j\n",
      "   0.00150043-1.06616569e-03j ...  0.00260575-9.18193046e-04j\n",
      "  -0.00111562+3.11273407e-04j  0.00457879-9.72100657e-22j]]\n",
      "Initial state provided as density matrix.\n",
      "Purity of evolved state: (0.13301665195119955-4.0488174878755556e-19j)\n",
      "Participation ratio: (7.517855737091283+2.288316938756499e-17j)\n",
      "Generating random initial state\n",
      "purity of initial state = (0.12972263369419992+7.453889935837843e-20j) \n",
      "Dimension of the Hilbert space: 128\n",
      "Initial state type: <class 'numpy.ndarray'> | initial_state: [[ 8.47212493e-03-1.28294184e-19j -2.47662520e-03-7.30462410e-04j\n",
      "  -6.06862340e-03-2.67573936e-03j ... -3.68998351e-04+5.77190814e-04j\n",
      "   4.94253374e-03-1.89083366e-03j  1.03239532e-03+2.43690876e-04j]\n",
      " [-2.47662520e-03+7.30462410e-04j  8.52190551e-03+1.79868121e-19j\n",
      "   2.18414625e-03-3.74892900e-04j ... -7.50056571e-04+1.10029192e-03j\n",
      "  -5.65351202e-04-6.20551049e-04j -2.60650623e-05-1.12106366e-03j]\n",
      " [-6.06862340e-03+2.67573936e-03j  2.18414625e-03+3.74892900e-04j\n",
      "   9.18768466e-03-6.73302323e-20j ... -5.67259195e-04-1.86874989e-03j\n",
      "  -3.11799275e-03+2.92844717e-03j -1.88513609e-03-4.49981924e-04j]\n",
      " ...\n",
      " [-3.68998351e-04-5.77190814e-04j -7.50056571e-04-1.10029192e-03j\n",
      "  -5.67259195e-04+1.86874989e-03j ...  2.97292418e-03-1.83229605e-20j\n",
      "  -9.34740340e-04-1.40419661e-03j -8.96672535e-05-6.95136484e-04j]\n",
      " [ 4.94253374e-03+1.89083366e-03j -5.65351202e-04+6.20551049e-04j\n",
      "  -3.11799275e-03-2.92844717e-03j ... -9.34740340e-04+1.40419661e-03j\n",
      "   1.14685791e-02-4.42017678e-20j  1.94106653e-03-2.55758708e-03j]\n",
      " [ 1.03239532e-03-2.43690876e-04j -2.60650623e-05+1.12106366e-03j\n",
      "  -1.88513609e-03+4.49981924e-04j ... -8.96672535e-05+6.95136484e-04j\n",
      "   1.94106653e-03+2.55758708e-03j  5.33689716e-03+4.63807302e-20j]]\n",
      "Initial state provided as density matrix.\n",
      "Purity of evolved state: (0.12972263369419998-2.1496769759028083e-20j)\n",
      "Participation ratio: (7.70875499149468+1.277443468898125e-18j)\n",
      "Generating random initial state\n",
      "purity of initial state = (0.13448262037978148+1.6517142471458857e-20j) \n",
      "Dimension of the Hilbert space: 128\n",
      "Initial state type: <class 'numpy.ndarray'> | initial_state: [[ 0.00703222-1.25669400e-20j -0.00482326-1.04033588e-03j\n",
      "  -0.00306618-2.26581232e-03j ...  0.00121651-6.37167446e-04j\n",
      "  -0.00148295+2.17994138e-03j  0.00146768+5.74858754e-04j]\n",
      " [-0.00482326+1.04033588e-03j  0.00892387-2.60506694e-20j\n",
      "   0.00354899+7.36392740e-04j ... -0.00037716+1.24617019e-04j\n",
      "   0.00161302+1.14466559e-03j  0.00109225+1.07741854e-04j]\n",
      " [-0.00306618+2.26581232e-03j  0.00354899-7.36392740e-04j\n",
      "   0.00757765-1.19862304e-20j ... -0.00098922-1.92771547e-03j\n",
      "  -0.0023816 -1.57112716e-03j  0.00027872+2.16760056e-04j]\n",
      " ...\n",
      " [ 0.00121651+6.37167446e-04j -0.00037716-1.24617019e-04j\n",
      "  -0.00098922+1.92771547e-03j ...  0.01162955+5.59270713e-20j\n",
      "   0.00333262-2.32253211e-03j -0.00080152-3.22322571e-04j]\n",
      " [-0.00148295-2.17994138e-03j  0.00161302-1.14466559e-03j\n",
      "  -0.0023816 +1.57112716e-03j ...  0.00333262+2.32253211e-03j\n",
      "   0.00945494+6.21171733e-20j  0.00070609-9.24657870e-04j]\n",
      " [ 0.00146768-5.74858754e-04j  0.00109225-1.07741854e-04j\n",
      "   0.00027872-2.16760056e-04j ... -0.00080152+3.22322571e-04j\n",
      "   0.00070609+9.24657870e-04j  0.00427792+2.90745994e-20j]]\n",
      "Initial state provided as density matrix.\n",
      "Purity of evolved state: (0.1344826203797815-6.933494068868482e-19j)\n",
      "Participation ratio: (7.435905079600477+3.833714990121513e-17j)\n",
      "Generating random initial state\n",
      "purity of initial state = (0.1319396008908004+6.54332951753947e-20j) \n",
      "Dimension of the Hilbert space: 128\n",
      "Initial state type: <class 'numpy.ndarray'> | initial_state: [[ 1.02660838e-02+1.39416135e-20j  3.07038565e-03-7.62236026e-05j\n",
      "   2.21798444e-03+1.94608706e-03j ... -3.85732076e-04-2.62296263e-03j\n",
      "   1.71882318e-03-3.50316215e-03j -4.01779447e-03+8.32891226e-04j]\n",
      " [ 3.07038565e-03+7.62236026e-05j  4.17654645e-03-3.38991148e-20j\n",
      "   9.22156282e-04+9.71968978e-05j ...  1.30254007e-03-2.96282569e-04j\n",
      "  -7.44463633e-04+8.00239231e-04j  6.48739698e-04-7.72474936e-04j]\n",
      " [ 2.21798444e-03-1.94608706e-03j  9.22156282e-04-9.71968978e-05j\n",
      "   8.54782871e-03-2.00528463e-20j ...  8.70463849e-04-1.59820862e-03j\n",
      "  -1.32082798e-03+7.80030221e-04j -1.38760218e-03+4.69812592e-03j]\n",
      " ...\n",
      " [-3.85732076e-04+2.62296263e-03j  1.30254007e-03+2.96282569e-04j\n",
      "   8.70463849e-04+1.59820862e-03j ...  7.78526745e-03+3.54946922e-21j\n",
      "  -9.41273346e-04+2.44989644e-03j -5.65358142e-05-9.24111227e-04j]\n",
      " [ 1.71882318e-03+3.50316215e-03j -7.44463633e-04-8.00239231e-04j\n",
      "  -1.32082798e-03-7.80030221e-04j ... -9.41273346e-04-2.44989644e-03j\n",
      "   1.03043465e-02+1.48021761e-20j  6.80907408e-04-9.45080806e-04j]\n",
      " [-4.01779447e-03-8.32891226e-04j  6.48739698e-04+7.72474936e-04j\n",
      "  -1.38760218e-03-4.69812592e-03j ... -5.65358142e-05+9.24111227e-04j\n",
      "   6.80907408e-04+9.45080806e-04j  9.97333320e-03-3.68071315e-20j]]\n",
      "Initial state provided as density matrix.\n",
      "Purity of evolved state: (0.13193960089080042+4.779912800474424e-19j)\n",
      "Participation ratio: (7.579225594502504-2.745804685799373e-17j)\n",
      "Generating random initial state\n",
      "purity of initial state = (0.13075579524818728+3.253135913048547e-19j) \n",
      "Dimension of the Hilbert space: 128\n",
      "Initial state type: <class 'numpy.ndarray'> | initial_state: [[ 0.00452214-1.56637139e-20j  0.00064177-1.25965913e-03j\n",
      "  -0.00024235-1.90412433e-04j ... -0.00270542-1.72163392e-03j\n",
      "   0.00239775+1.01104613e-03j -0.00035531+3.93154240e-04j]\n",
      " [ 0.00064177+1.25965913e-03j  0.00807155+7.00368945e-20j\n",
      "  -0.00053582+1.20585741e-03j ...  0.00084506-4.57404448e-03j\n",
      "  -0.00013098-1.28187600e-03j  0.00088686+4.86576678e-03j]\n",
      " [-0.00024235+1.90412433e-04j -0.00053582-1.20585741e-03j\n",
      "   0.00420974-5.57163760e-20j ... -0.00232873-1.26981359e-03j\n",
      "  -0.00111494-4.33212311e-04j  0.00083887-7.20560152e-04j]\n",
      " ...\n",
      " [-0.00270542+1.72163392e-03j  0.00084506+4.57404448e-03j\n",
      "  -0.00232873+1.26981359e-03j ...  0.00903262-1.00846196e-19j\n",
      "  -0.00018829-1.97040447e-03j -0.00263389-1.94646501e-03j]\n",
      " [ 0.00239775-1.01104613e-03j -0.00013098+1.28187600e-03j\n",
      "  -0.00111494+4.33212311e-04j ... -0.00018829+1.97040447e-03j\n",
      "   0.00468559-6.85131444e-20j -0.00066018+6.90789568e-04j]\n",
      " [-0.00035531-3.93154240e-04j  0.00088686-4.86576678e-03j\n",
      "   0.00083887+7.20560152e-04j ... -0.00263389+1.94646501e-03j\n",
      "  -0.00066018-6.90789568e-04j  0.00785601+5.93390043e-20j]]\n",
      "Initial state provided as density matrix.\n",
      "Purity of evolved state: (0.13075579524818723+9.586560078346561e-19j)\n",
      "Participation ratio: (7.647844580057829-5.60713361862238e-17j)\n",
      "Generating random initial state\n",
      "purity of initial state = (0.13572912522006716+8.766791004082009e-20j) \n",
      "Dimension of the Hilbert space: 128\n",
      "Initial state type: <class 'numpy.ndarray'> | initial_state: [[ 0.00871014-1.49822325e-20j  0.00035698+2.07833408e-03j\n",
      "  -0.00066036-3.20636618e-03j ... -0.00288388+2.00178663e-03j\n",
      "   0.00158482+1.41503820e-04j  0.00201166+1.58946489e-03j]\n",
      " [ 0.00035698-2.07833408e-03j  0.01037783-1.21443998e-20j\n",
      "  -0.00295051-3.77828764e-04j ...  0.00362406+2.42649158e-03j\n",
      "  -0.00109746-5.33763783e-03j  0.00106112-2.01691865e-04j]\n",
      " [-0.00066036+3.20636618e-03j -0.00295051+3.77828764e-04j\n",
      "   0.00641316+4.59922699e-20j ... -0.00176003-5.55492290e-04j\n",
      "  -0.00079052+7.99890043e-04j -0.00135946+7.79150912e-04j]\n",
      " ...\n",
      " [-0.00288388-2.00178663e-03j  0.00362406-2.42649158e-03j\n",
      "  -0.00176003+5.55492290e-04j ...  0.01059252-5.34782815e-20j\n",
      "   0.00173186-2.61131102e-03j  0.00160881-1.19207904e-03j]\n",
      " [ 0.00158482-1.41503820e-04j -0.00109746+5.33763783e-03j\n",
      "  -0.00079052-7.99890043e-04j ...  0.00173186+2.61131102e-03j\n",
      "   0.01002483+1.83967120e-19j -0.00031085+2.27799060e-03j]\n",
      " [ 0.00201166-1.58946489e-03j  0.00106112+2.01691865e-04j\n",
      "  -0.00135946-7.79150912e-04j ...  0.00160881+1.19207904e-03j\n",
      "  -0.00031085-2.27799060e-03j  0.00295948+6.61275899e-21j]]\n",
      "Initial state provided as density matrix.\n",
      "Purity of evolved state: (0.13572912522006714+8.217617523601928e-19j)\n",
      "Participation ratio: (7.367615450100558-4.460667209911066e-17j)\n",
      "Generating random initial state\n",
      "purity of initial state = (0.1342690552639592+8.660911885675221e-20j) \n",
      "Dimension of the Hilbert space: 128\n",
      "Initial state type: <class 'numpy.ndarray'> | initial_state: [[ 0.00743115-3.54340823e-21j -0.00065476+1.78923698e-03j\n",
      "  -0.00096924-1.18190201e-03j ... -0.00196975-1.64461240e-03j\n",
      "  -0.00026726-1.11598113e-03j  0.00208292-2.74653307e-03j]\n",
      " [-0.00065476-1.78923698e-03j  0.00408324+2.72892087e-20j\n",
      "   0.00143303-2.47513361e-03j ... -0.00011474-8.98364282e-04j\n",
      "  -0.00056395+5.69532727e-04j -0.00070843-1.35952129e-03j]\n",
      " [-0.00096924+1.18190201e-03j  0.00143303+2.47513361e-03j\n",
      "   0.01249812+6.24984410e-20j ...  0.002852  -1.56903446e-04j\n",
      "  -0.00059462-8.25776734e-04j  0.00178174-5.89764132e-03j]\n",
      " ...\n",
      " [-0.00196975+1.64461240e-03j -0.00011474+8.98364282e-04j\n",
      "   0.002852  +1.56903446e-04j ...  0.00669868-2.41516116e-20j\n",
      "  -0.00149211+1.44245945e-03j  0.00191439+1.46306983e-03j]\n",
      " [-0.00026726+1.11598113e-03j -0.00056395-5.69532727e-04j\n",
      "  -0.00059462+8.25776734e-04j ... -0.00149211-1.44245945e-03j\n",
      "   0.00317379-1.09259830e-20j -0.00092291+6.66275643e-04j]\n",
      " [ 0.00208292+2.74653307e-03j -0.00070843+1.35952129e-03j\n",
      "   0.00178174+5.89764132e-03j ...  0.00191439-1.46306983e-03j\n",
      "  -0.00092291-6.66275643e-04j  0.0105058 +4.66587938e-20j]]\n",
      "Initial state provided as density matrix.\n",
      "Purity of evolved state: (0.1342690552639592-5.146783945753942e-19j)\n",
      "Participation ratio: (7.4477324505940885+2.8548551066835014e-17j)\n",
      "Generating random initial state\n",
      "purity of initial state = (0.13350344243454226-8.24798332388875e-20j) \n",
      "Dimension of the Hilbert space: 128\n",
      "Initial state type: <class 'numpy.ndarray'> | initial_state: [[ 0.01031269-1.05792660e-19j  0.00042959-2.44876244e-03j\n",
      "   0.00236987+2.76189752e-03j ... -0.00178741+1.30546045e-03j\n",
      "   0.00314953-1.96804697e-03j  0.00370069-7.31782322e-04j]\n",
      " [ 0.00042959+2.44876244e-03j  0.00707376-1.62144577e-19j\n",
      "  -0.00238345+2.14470087e-03j ...  0.00320219+1.81063881e-03j\n",
      "   0.00138863-1.04535443e-04j -0.00059808+3.20362712e-04j]\n",
      " [ 0.00236987-2.76189752e-03j -0.00238345-2.14470087e-03j\n",
      "   0.00759422-5.89793041e-20j ... -0.00304825-1.23289297e-03j\n",
      "   0.00042942+2.75455988e-04j -0.0016249 -1.44619383e-03j]\n",
      " ...\n",
      " [-0.00178741-1.30546045e-03j  0.00320219-1.81063881e-03j\n",
      "  -0.00304825+1.23289297e-03j ...  0.00780309+5.62266185e-21j\n",
      "  -0.00053331-5.02152881e-04j  0.00137842-3.67085276e-03j]\n",
      " [ 0.00314953+1.96804697e-03j  0.00138863+1.04535443e-04j\n",
      "   0.00042942-2.75455988e-04j ... -0.00053331+5.02152881e-04j\n",
      "   0.00358108-1.05322246e-20j  0.00050167-1.12963097e-04j]\n",
      " [ 0.00370069+7.31782322e-04j -0.00059808-3.20362712e-04j\n",
      "  -0.0016249 +1.44619383e-03j ...  0.00137842+3.67085276e-03j\n",
      "   0.00050167+1.12963097e-04j  0.00933493-2.28481680e-19j]]\n",
      "Initial state provided as density matrix.\n",
      "Purity of evolved state: (0.13350344243454226+3.48342299558331e-19j)\n",
      "Participation ratio: (7.490443555343582-1.954435245412936e-17j)\n",
      "Generating random initial state\n",
      "purity of initial state = (0.13213160898858867+2.602773428234855e-19j) \n",
      "Dimension of the Hilbert space: 128\n",
      "Initial state type: <class 'numpy.ndarray'> | initial_state: [[ 0.00729967-4.65304127e-21j  0.00049548-6.76959214e-04j\n",
      "  -0.00369009-2.82185206e-03j ...  0.00028511-2.22476659e-03j\n",
      "   0.00097512+9.18834585e-04j  0.00058726-1.78630972e-03j]\n",
      " [ 0.00049548+6.76959214e-04j  0.00730199+3.06038943e-20j\n",
      "  -0.00182947-2.65564098e-03j ... -0.00251688-3.38711486e-04j\n",
      "   0.00033271+3.14581167e-04j  0.00111479+4.81044140e-04j]\n",
      " [-0.00369009+2.82185206e-03j -0.00182947+2.65564098e-03j\n",
      "   0.00751303+5.24263185e-20j ...  0.00125041+4.16746375e-04j\n",
      "  -0.00217737-3.44098955e-04j  0.00096099+3.33299236e-04j]\n",
      " ...\n",
      " [ 0.00028511+2.22476659e-03j -0.00251688+3.38711486e-04j\n",
      "   0.00125041-4.16746375e-04j ...  0.00706323+6.69721481e-20j\n",
      "  -0.00160243-4.53858743e-04j  0.00151356+6.78911680e-04j]\n",
      " [ 0.00097512-9.18834585e-04j  0.00033271-3.14581167e-04j\n",
      "  -0.00217737+3.44098955e-04j ... -0.00160243+4.53858743e-04j\n",
      "   0.00538367-2.04768332e-20j  0.00146831+1.50255036e-03j]\n",
      " [ 0.00058726+1.78630972e-03j  0.00111479-4.81044140e-04j\n",
      "   0.00096099-3.33299236e-04j ...  0.00151356-6.78911680e-04j\n",
      "   0.00146831-1.50255036e-03j  0.0066923 +3.70531319e-20j]]\n",
      "Initial state provided as density matrix.\n",
      "Purity of evolved state: (0.13213160898858864-6.046756452211637e-19j)\n",
      "Participation ratio: (7.5682117825899144+3.463450856186271e-17j)\n",
      "Generating random initial state\n",
      "purity of initial state = (0.13234341295472196-1.8555315500789517e-20j) \n",
      "Dimension of the Hilbert space: 128\n",
      "Initial state type: <class 'numpy.ndarray'> | initial_state: [[ 5.17759903e-03-5.29958694e-20j  1.79819886e-03-1.61427324e-03j\n",
      "  -8.48677696e-04-3.20426065e-03j ... -4.32357531e-03-1.08605285e-03j\n",
      "   7.32267449e-04+1.14877103e-03j -2.33764246e-04+1.19220653e-03j]\n",
      " [ 1.79819886e-03+1.61427324e-03j  1.12117101e-02-8.45340895e-20j\n",
      "  -2.70643902e-03+2.96891153e-03j ... -3.98251504e-03+1.47255749e-03j\n",
      "   1.50562970e-03+1.43721409e-04j  1.59236874e-03-1.42166667e-03j]\n",
      " [-8.48677696e-04+3.20426065e-03j -2.70643902e-03-2.96891153e-03j\n",
      "   8.04297499e-03+1.59790123e-20j ...  5.03662409e-03-1.46158159e-03j\n",
      "  -1.92409027e-03+1.06449323e-03j -1.53456243e-03-1.13357909e-03j]\n",
      " ...\n",
      " [-4.32357531e-03+1.08605285e-03j -3.98251504e-03-1.47255749e-03j\n",
      "   5.03662409e-03+1.46158159e-03j ...  9.42824774e-03-3.23756411e-20j\n",
      "  -8.61826354e-04+6.45583658e-04j -9.28141328e-06+8.49158478e-04j]\n",
      " [ 7.32267449e-04-1.14877103e-03j  1.50562970e-03-1.43721409e-04j\n",
      "  -1.92409027e-03-1.06449323e-03j ... -8.61826354e-04-6.45583658e-04j\n",
      "   7.24471924e-03-4.64166522e-20j  1.48876923e-03+1.01703753e-04j]\n",
      " [-2.33764246e-04-1.19220653e-03j  1.59236874e-03+1.42166667e-03j\n",
      "  -1.53456243e-03+1.13357909e-03j ... -9.28141328e-06-8.49158478e-04j\n",
      "   1.48876923e-03-1.01703753e-04j  4.92914512e-03+4.22201896e-20j]]\n",
      "Initial state provided as density matrix.\n",
      "Purity of evolved state: (0.13234341295472196+3.0329735212114334e-19j)\n",
      "Participation ratio: (7.556099526782836-1.7316653150097636e-17j)\n",
      "Generating random initial state\n",
      "purity of initial state = (0.13136185958449753-5.1457251545698746e-20j) \n",
      "Dimension of the Hilbert space: 128\n",
      "Initial state type: <class 'numpy.ndarray'> | initial_state: [[ 6.07380210e-03-4.08703042e-20j  4.37418634e-03-1.16140524e-03j\n",
      "  -1.70852574e-03-2.64150777e-03j ...  4.66868434e-04-7.27957828e-04j\n",
      "  -2.12813040e-04+3.79237910e-04j -1.25946699e-03+7.05857749e-03j]\n",
      " [ 4.37418634e-03+1.16140524e-03j  1.35386187e-02-3.99049257e-20j\n",
      "  -1.68645819e-03+7.38039478e-04j ...  1.69101294e-03+8.39840595e-04j\n",
      "   3.88493414e-03+2.67335985e-03j  3.95601575e-04+3.83335622e-03j]\n",
      " [-1.70852574e-03+2.64150777e-03j -1.68645819e-03-7.38039478e-04j\n",
      "   1.50112870e-02+9.35136783e-20j ... -1.25106761e-03+6.73572655e-04j\n",
      "   1.83932678e-03-2.68652308e-03j -3.86206227e-03-5.35311951e-03j]\n",
      " ...\n",
      " [ 4.66868434e-04+7.27957828e-04j  1.69101294e-03-8.39840595e-04j\n",
      "  -1.25106761e-03-6.73572655e-04j ...  7.50564958e-03-6.97270734e-20j\n",
      "  -2.52671347e-05-3.44314009e-03j -1.24684197e-03-1.60493993e-03j]\n",
      " [-2.12813040e-04-3.79237910e-04j  3.88493414e-03-2.67335985e-03j\n",
      "   1.83932678e-03+2.68652308e-03j ... -2.52671347e-05+3.44314009e-03j\n",
      "   6.12149690e-03-4.42784610e-21j  2.85353177e-03-2.03572547e-03j]\n",
      " [-1.25946699e-03-7.05857749e-03j  3.95601575e-04-3.83335622e-03j\n",
      "  -3.86206227e-03+5.35311951e-03j ... -1.24684197e-03+1.60493993e-03j\n",
      "   2.85353177e-03+2.03572547e-03j  1.22369435e-02+4.61834117e-20j]]\n",
      "Initial state provided as density matrix.\n",
      "Purity of evolved state: (0.13136185958449753-1.2557263443045003e-19j)\n",
      "Participation ratio: (7.612559712256186+7.277067946896897e-18j)\n",
      "Generating random initial state\n",
      "purity of initial state = (0.13442721096523064+9.497356921088843e-20j) \n",
      "Dimension of the Hilbert space: 128\n",
      "Initial state type: <class 'numpy.ndarray'> | initial_state: [[ 0.00667032+9.97406429e-21j  0.00098991-6.85567297e-05j\n",
      "   0.00023593+2.91213350e-03j ... -0.00141868+2.93313082e-04j\n",
      "  -0.00243822-1.20512672e-03j -0.0037894 +2.56874853e-03j]\n",
      " [ 0.00098991+6.85567297e-05j  0.00647376+3.90122067e-20j\n",
      "  -0.00499701-2.34869020e-06j ... -0.00012334-1.06591992e-04j\n",
      "  -0.00342499+1.01536813e-04j -0.00205615-7.08352448e-04j]\n",
      " [ 0.00023593-2.91213350e-03j -0.00499701+2.34869020e-06j\n",
      "   0.01142267-5.04723537e-20j ... -0.00058606+1.73294935e-03j\n",
      "   0.00045877+1.36965116e-03j  0.00168301+3.82995047e-03j]\n",
      " ...\n",
      " [-0.00141868-2.93313082e-04j -0.00012334+1.06591992e-04j\n",
      "  -0.00058606-1.73294935e-03j ...  0.00414196+1.09130095e-20j\n",
      "   0.00207897-2.27557755e-03j -0.00033135-1.82531390e-04j]\n",
      " [-0.00243822+1.20512672e-03j -0.00342499-1.01536813e-04j\n",
      "   0.00045877-1.36965116e-03j ...  0.00207897+2.27557755e-03j\n",
      "   0.00985142-3.06558946e-21j  0.00096261-3.29208621e-03j]\n",
      " [-0.0037894 -2.56874853e-03j -0.00205615+7.08352448e-04j\n",
      "   0.00168301-3.82995047e-03j ... -0.00033135+1.82531390e-04j\n",
      "   0.00096261+3.29208621e-03j  0.0067502 +8.85632861e-21j]]\n",
      "Initial state provided as density matrix.\n",
      "Purity of evolved state: (0.13442721096523058-3.2494301439043097e-19j)\n",
      "Participation ratio: (7.438970077707323+1.7981786155153158e-17j)\n",
      "Generating random initial state\n",
      "purity of initial state = (0.13275255921031104-2.2658131339052534e-19j) \n",
      "Dimension of the Hilbert space: 128\n",
      "Initial state type: <class 'numpy.ndarray'> | initial_state: [[ 3.78222393e-03+3.27109484e-20j  1.65482060e-03-6.33497901e-04j\n",
      "  -8.59256217e-04+3.48217636e-05j ...  2.24869414e-03+9.76484021e-04j\n",
      "   1.40410315e-04+4.74671018e-04j  1.06171281e-03-2.56352829e-03j]\n",
      " [ 1.65482060e-03+6.33497901e-04j  4.76162776e-03-7.18812378e-20j\n",
      "  -2.44773575e-03+7.21455712e-04j ...  2.02143826e-03+3.19703240e-03j\n",
      "  -6.06355699e-04+3.81990383e-05j  2.47951526e-04-1.62740857e-03j]\n",
      " [-8.59256217e-04-3.48217636e-05j -2.44773575e-03-7.21455712e-04j\n",
      "   7.54484463e-03+2.72234592e-20j ... -2.20088316e-05-1.95582558e-03j\n",
      "   6.81980222e-04-2.40901942e-03j  6.44076593e-04+2.33970050e-03j]\n",
      " ...\n",
      " [ 2.24869414e-03-9.76484021e-04j  2.02143826e-03-3.19703240e-03j\n",
      "  -2.20088316e-05+1.95582558e-03j ...  1.17030744e-02+5.96078494e-20j\n",
      "  -3.41149051e-03+2.29716719e-03j  2.27409911e-04-2.17197525e-03j]\n",
      " [ 1.40410315e-04-4.74671018e-04j -6.06355699e-04-3.81990383e-05j\n",
      "   6.81980222e-04+2.40901942e-03j ... -3.41149051e-03-2.29716719e-03j\n",
      "   4.72508797e-03+2.90542601e-20j -1.74908802e-03+2.46295671e-03j]\n",
      " [ 1.06171281e-03+2.56352829e-03j  2.47951526e-04+1.62740857e-03j\n",
      "   6.44076593e-04-2.33970050e-03j ...  2.27409911e-04+2.17197525e-03j\n",
      "  -1.74908802e-03-2.46295671e-03j  8.40800974e-03-5.51892528e-20j]]\n",
      "Initial state provided as density matrix.\n",
      "Purity of evolved state: (0.13275255921031104-6.659796547786936e-20j)\n",
      "Participation ratio: (7.53281146479268+3.778984908974894e-18j)\n",
      "Generating random initial state\n",
      "purity of initial state = (0.13419412004298578-1.665213834742751e-19j) \n",
      "Dimension of the Hilbert space: 128\n",
      "Initial state type: <class 'numpy.ndarray'> | initial_state: [[ 8.89495693e-03-4.05157173e-20j -2.60424756e-03+1.42602226e-03j\n",
      "   1.57147986e-03-8.32543625e-04j ... -2.23867313e-03-1.39194796e-03j\n",
      "   9.82776567e-04+1.58199098e-03j  2.30275453e-03+2.13990252e-03j]\n",
      " [-2.60424756e-03-1.42602226e-03j  6.34866475e-03-9.09301869e-21j\n",
      "  -3.01354160e-04-3.69827002e-03j ... -1.78248418e-03+1.49233130e-04j\n",
      "   3.53541827e-04-2.08845765e-03j -2.27029500e-03-5.10090463e-04j]\n",
      " [ 1.57147986e-03+8.32543625e-04j -3.01354160e-04+3.69827002e-03j\n",
      "   1.27727443e-02+8.97890367e-20j ... -1.96280226e-03-2.09543940e-03j\n",
      "   3.95202241e-03-4.80279962e-04j -1.06640905e-05+2.86178407e-03j]\n",
      " ...\n",
      " [-2.23867313e-03+1.39194796e-03j -1.78248418e-03-1.49233130e-04j\n",
      "  -1.96280226e-03+2.09543940e-03j ...  7.87790809e-03+9.09628836e-21j\n",
      "  -1.19639356e-03+1.40271141e-03j -3.20605818e-03+1.90952477e-04j]\n",
      " [ 9.82776567e-04-1.58199098e-03j  3.53541827e-04+2.08845765e-03j\n",
      "   3.95202241e-03+4.80279962e-04j ... -1.19639356e-03-1.40271141e-03j\n",
      "   3.48003614e-03-1.30930679e-21j  6.30731776e-04+1.01517551e-03j]\n",
      " [ 2.30275453e-03-2.13990252e-03j -2.27029500e-03+5.10090463e-04j\n",
      "  -1.06640905e-05-2.86178407e-03j ... -3.20605818e-03-1.90952477e-04j\n",
      "   6.30731776e-04-1.01517551e-03j  8.25878778e-03+9.17652787e-21j]]\n",
      "Initial state provided as density matrix.\n",
      "Purity of evolved state: (0.1341941200429858-8.168573985083659e-19j)\n",
      "Participation ratio: (7.451891332345071+4.5360650420126986e-17j)\n",
      "Generating random initial state\n",
      "purity of initial state = (0.13237935304960927-8.420036891299779e-20j) \n",
      "Dimension of the Hilbert space: 128\n",
      "Initial state type: <class 'numpy.ndarray'> | initial_state: [[ 5.56677911e-03+1.02805216e-19j -1.15033994e-03+1.37769083e-03j\n",
      "   2.06426414e-04-1.95006759e-03j ...  1.31850849e-03-1.66631549e-03j\n",
      "   8.75807890e-05-1.93360952e-04j -5.09522151e-03-5.46277805e-05j]\n",
      " [-1.15033994e-03-1.37769083e-03j  7.76059749e-03+8.55036382e-20j\n",
      "  -1.60594730e-03+3.25025211e-03j ... -5.44484777e-03+2.27559590e-03j\n",
      "   4.79354512e-04-1.46412234e-03j -1.59408620e-04+1.62445817e-03j]\n",
      " [ 2.06426414e-04+1.95006759e-03j -1.60594730e-03-3.25025211e-03j\n",
      "   1.08875445e-02-3.31581638e-20j ...  4.34856747e-03+4.53597421e-03j\n",
      "  -6.67561177e-04-5.82795621e-04j  2.08920399e-03-2.33376710e-03j]\n",
      " ...\n",
      " [ 1.31850849e-03+1.66631549e-03j -5.44484777e-03-2.27559590e-03j\n",
      "   4.34856747e-03-4.53597421e-03j ...  1.01499841e-02+1.28328761e-19j\n",
      "  -4.25664631e-04-1.15160161e-03j -1.16993731e-03-2.04036921e-03j]\n",
      " [ 8.75807890e-05+1.93360952e-04j  4.79354512e-04+1.46412234e-03j\n",
      "  -6.67561177e-04+5.82795621e-04j ... -4.25664631e-04+1.15160161e-03j\n",
      "   4.62943706e-03+1.82106595e-20j -2.51550034e-03-1.50721773e-03j]\n",
      " [-5.09522151e-03+5.46277805e-05j -1.59408620e-04-1.62445817e-03j\n",
      "   2.08920399e-03+2.33376710e-03j ... -1.16993731e-03+2.04036921e-03j\n",
      "  -2.51550034e-03+1.50721773e-03j  9.27461024e-03+4.09161888e-20j]]\n",
      "Initial state provided as density matrix.\n",
      "Purity of evolved state: (0.1323793530496093-9.733136482890958e-19j)\n",
      "Participation ratio: (7.554048097102038+5.554082221557879e-17j)\n",
      "Generating random initial state\n",
      "purity of initial state = (0.1327787817416909+1.1324102585850949e-21j) \n",
      "Dimension of the Hilbert space: 128\n",
      "Initial state type: <class 'numpy.ndarray'> | initial_state: [[ 1.15660195e-02+7.96832815e-20j -9.29125571e-05-1.60487290e-03j\n",
      "   7.97917977e-04+3.82705939e-03j ... -8.64392954e-04+1.39167632e-03j\n",
      "   3.30921226e-03-8.54415012e-05j  6.66369635e-04+1.37255058e-03j]\n",
      " [-9.29125571e-05+1.60487290e-03j  7.76545232e-03-8.43543447e-21j\n",
      "  -1.33047741e-03-4.00444897e-03j ... -3.24737179e-03+1.33561298e-03j\n",
      "  -9.26361383e-04+8.37703140e-04j  1.32443752e-03+3.33585176e-04j]\n",
      " [ 7.97917977e-04-3.82705939e-03j -1.33047741e-03+4.00444897e-03j\n",
      "   9.55879446e-03+4.71249674e-20j ... -9.69540553e-04-2.03289722e-03j\n",
      "  -4.64353536e-04-1.88195352e-03j -1.13568641e-03-6.80285743e-05j]\n",
      " ...\n",
      " [-8.64392954e-04-1.39167632e-03j -3.24737179e-03-1.33561298e-03j\n",
      "  -9.69540553e-04+2.03289722e-03j ...  4.41035435e-03+1.76584538e-20j\n",
      "   8.10533966e-05+9.49653469e-05j  2.06766167e-03-1.96044022e-03j]\n",
      " [ 3.30921226e-03+8.54415012e-05j -9.26361383e-04-8.37703140e-04j\n",
      "  -4.64353536e-04+1.88195352e-03j ...  8.10533966e-05-9.49653469e-05j\n",
      "   2.16884826e-03+9.56628683e-21j -1.04743405e-03+8.68554508e-05j]\n",
      " [ 6.66369635e-04-1.37255058e-03j  1.32443752e-03-3.33585176e-04j\n",
      "  -1.13568641e-03+6.80285743e-05j ...  2.06766167e-03+1.96044022e-03j\n",
      "  -1.04743405e-03-8.68554508e-05j  7.68541426e-03-3.99450288e-20j]]\n",
      "Initial state provided as density matrix.\n",
      "Purity of evolved state: (0.13277878174169083+3.6170953825718794e-19j)\n",
      "Participation ratio: (7.531323807032738-2.051646822612645e-17j)\n",
      "Generating random initial state\n",
      "purity of initial state = (0.1306502030541033-1.0926725019580474e-19j) \n",
      "Dimension of the Hilbert space: 128\n",
      "Initial state type: <class 'numpy.ndarray'> | initial_state: [[ 0.01158424-1.79957843e-20j -0.00095497-7.71134484e-04j\n",
      "   0.00141933+8.21045932e-04j ...  0.00135815+9.93666176e-04j\n",
      "  -0.00177769+5.51367457e-04j  0.00061046+1.44375501e-03j]\n",
      " [-0.00095497+7.71134484e-04j  0.0052575 +2.03947812e-20j\n",
      "  -0.00214022-1.99565536e-03j ...  0.00198308+1.00735822e-03j\n",
      "  -0.00209403+9.49331157e-04j  0.00089505+8.18193885e-05j]\n",
      " [ 0.00141933-8.21045932e-04j -0.00214022+1.99565536e-03j\n",
      "   0.00873697-1.15747445e-19j ...  0.00130915+7.89009095e-04j\n",
      "  -0.00230228-1.70048201e-03j  0.00026557+1.36505983e-03j]\n",
      " ...\n",
      " [ 0.00135815-9.93666176e-04j  0.00198308-1.00735822e-03j\n",
      "   0.00130915-7.89009095e-04j ...  0.00621064-1.91822416e-20j\n",
      "  -0.00246145+3.46609081e-03j  0.00103293+1.07143581e-03j]\n",
      " [-0.00177769-5.51367457e-04j -0.00209403-9.49331157e-04j\n",
      "  -0.00230228+1.70048201e-03j ... -0.00246145-3.46609081e-03j\n",
      "   0.00851402-8.35079339e-20j -0.00275998-1.94090017e-05j]\n",
      " [ 0.00061046-1.44375501e-03j  0.00089505-8.18193885e-05j\n",
      "   0.00026557-1.36505983e-03j ...  0.00103293-1.07143581e-03j\n",
      "  -0.00275998+1.94090017e-05j  0.00449267-4.00217897e-20j]]\n",
      "Initial state provided as density matrix.\n",
      "Purity of evolved state: (0.13065020305410327-3.1141695701396386e-19j)\n",
      "Participation ratio: (7.654025609021764+1.824408465007471e-17j)\n",
      "Generating random initial state\n",
      "purity of initial state = (0.13182668337529246-2.414043899674756e-20j) \n",
      "Dimension of the Hilbert space: 128\n",
      "Initial state type: <class 'numpy.ndarray'> | initial_state: [[ 0.00421666-5.04207689e-20j  0.00202883-5.67522680e-05j\n",
      "   0.00138776+5.47038238e-04j ... -0.00063939-1.10312309e-03j\n",
      "   0.00100492+3.81633236e-04j  0.00266522-4.23171489e-04j]\n",
      " [ 0.00202883+5.67522680e-05j  0.00757548+8.26228960e-20j\n",
      "   0.00605607+3.00249280e-03j ...  0.00073389-1.15081843e-03j\n",
      "   0.00116699+2.67712818e-03j -0.00089208-4.46346062e-04j]\n",
      " [ 0.00138776-5.47038238e-04j  0.00605607-3.00249280e-03j\n",
      "   0.01271687+8.68389695e-20j ... -0.00152595+3.90576199e-03j\n",
      "   0.00288569+7.32250895e-04j -0.0032935 -2.99484284e-03j]\n",
      " ...\n",
      " [-0.00063939+1.10312309e-03j  0.00073389+1.15081843e-03j\n",
      "  -0.00152595-3.90576199e-03j ...  0.0104658 -1.23226174e-19j\n",
      "  -0.00035489+4.01108339e-04j -0.00074155+3.51188994e-03j]\n",
      " [ 0.00100492-3.81633236e-04j  0.00116699-2.67712818e-03j\n",
      "   0.00288569-7.32250895e-04j ... -0.00035489-4.01108339e-04j\n",
      "   0.00367356+3.57242493e-20j -0.00022016+1.42859539e-04j]\n",
      " [ 0.00266522+4.23171489e-04j -0.00089208+4.46346062e-04j\n",
      "  -0.0032935 +2.99484284e-03j ... -0.00074155-3.51188994e-03j\n",
      "  -0.00022016-1.42859539e-04j  0.00950291-1.82472223e-20j]]\n",
      "Initial state provided as density matrix.\n",
      "Purity of evolved state: (0.13182668337529246-1.7685948676996285e-19j)\n",
      "Participation ratio: (7.585717658944186+1.017704532642564e-17j)\n",
      "Generating random initial state\n",
      "purity of initial state = (0.13277269701568817-1.8332969352135263e-19j) \n",
      "Dimension of the Hilbert space: 128\n",
      "Initial state type: <class 'numpy.ndarray'> | initial_state: [[ 6.83770969e-03-7.41470520e-20j  8.41716530e-05+3.26307160e-03j\n",
      "   3.33039539e-03+6.96789538e-04j ... -5.86112689e-04+1.58655606e-04j\n",
      "  -2.59471686e-03+1.12489199e-03j -4.77526000e-04-1.09118452e-04j]\n",
      " [ 8.41716530e-05-3.26307160e-03j  5.12673411e-03-1.59361510e-21j\n",
      "   9.70117020e-04-1.89193962e-03j ...  1.04282540e-03+4.36863907e-04j\n",
      "   1.12333566e-03+9.43365413e-04j  5.49047398e-04+6.62902823e-05j]\n",
      " [ 3.33039539e-03-6.96789538e-04j  9.70117020e-04+1.89193962e-03j\n",
      "   7.86117706e-03+5.88297637e-20j ... -1.88833033e-03-8.71348069e-05j\n",
      "   2.21697628e-03+4.61598019e-04j  1.92068569e-04-3.66894383e-03j]\n",
      " ...\n",
      " [-5.86112689e-04-1.58655606e-04j  1.04282540e-03-4.36863907e-04j\n",
      "  -1.88833033e-03+8.71348069e-05j ...  6.36006625e-03+3.72824445e-20j\n",
      "  -1.75066081e-03+1.36877241e-03j -1.05434110e-03-1.20570266e-04j]\n",
      " [-2.59471686e-03-1.12489199e-03j  1.12333566e-03-9.43365413e-04j\n",
      "   2.21697628e-03-4.61598019e-04j ... -1.75066081e-03-1.36877241e-03j\n",
      "   7.14560955e-03-5.99122231e-21j  3.20473454e-05-1.64031091e-03j]\n",
      " [-4.77526000e-04+1.09118452e-04j  5.49047398e-04-6.62902823e-05j\n",
      "   1.92068569e-04+3.66894383e-03j ... -1.05434110e-03+1.20570266e-04j\n",
      "   3.20473454e-05+1.64031091e-03j  5.02323794e-03+5.88417679e-21j]]\n",
      "Initial state provided as density matrix.\n",
      "Purity of evolved state: (0.13277269701568817+5.731766074951444e-19j)\n",
      "Participation ratio: (7.531668953609054-3.25140375742767e-17j)\n",
      "Generating random initial state\n",
      "purity of initial state = (0.1313498355807418-9.049355901330123e-22j) \n",
      "Dimension of the Hilbert space: 128\n",
      "Initial state type: <class 'numpy.ndarray'> | initial_state: [[ 8.55505970e-03-8.68018963e-20j -2.75210685e-04+5.47697501e-03j\n",
      "  -7.31233345e-04+6.21825699e-04j ...  2.08700502e-04+1.08756419e-03j\n",
      "   5.69933515e-05-3.36277114e-04j  2.73156889e-03-2.55255370e-04j]\n",
      " [-2.75210685e-04-5.47697501e-03j  1.48808875e-02-6.43932726e-20j\n",
      "   9.59815243e-04+1.62664977e-03j ... -5.22356660e-05-7.85101124e-04j\n",
      "  -1.29037938e-03-8.48139398e-05j -3.80366264e-03-2.02307477e-03j]\n",
      " [-7.31233345e-04-6.21825699e-04j  9.59815243e-04-1.62664977e-03j\n",
      "   6.63283184e-03+3.75851049e-21j ...  9.76102314e-05+1.35810195e-03j\n",
      "  -9.34415962e-04-1.24788555e-03j -7.78112575e-04-9.45341810e-04j]\n",
      " ...\n",
      " [ 2.08700502e-04-1.08756419e-03j -5.22356660e-05+7.85101124e-04j\n",
      "   9.76102314e-05-1.35810195e-03j ...  6.07303652e-03-6.34290537e-20j\n",
      "   1.76360131e-03-1.47954204e-03j  2.25351989e-03-1.37861499e-03j]\n",
      " [ 5.69933515e-05+3.36277114e-04j -1.29037938e-03+8.48139398e-05j\n",
      "  -9.34415962e-04+1.24788555e-03j ...  1.76360131e-03+1.47954204e-03j\n",
      "   1.02048319e-02+4.10652464e-20j  4.75280786e-03-8.72081907e-04j]\n",
      " [ 2.73156889e-03+2.55255370e-04j -3.80366264e-03+2.02307477e-03j\n",
