{
 "cells": [
  {
   "cell_type": "code",
   "execution_count": 35,
   "metadata": {},
   "outputs": [],
   "source": [
    "from importlib import reload\n",
    "import numpy as np\n",
    "import matplotlib.pyplot as plt\n",
    "import seaborn as sns\n",
    "import pipeline_v200\n",
    "reload(pipeline_v200)\n",
    "import helper_functions\n",
    "import qutip\n",
    "import pandas as pd\n",
    "\n",
    "sns.set_palette(\"Set2\")\n",
    "# sns.color_palette(\"Set2\")"
   ]
  },
  {
   "cell_type": "code",
   "execution_count": 36,
   "metadata": {},
   "outputs": [
    {
     "name": "stdout",
     "output_type": "stream",
     "text": [
      "Generating random mixed density matrix\n",
      "purity of initial state = (0.06383701705459567+1.7787691892340307e-19j) \n",
      "Dimension of the Hilbert space: 32\n",
      "Initial state type: <class 'numpy.ndarray'> | initial_state: [[ 0.03319696+1.21644438e-19j  0.00562115-2.61765242e-03j\n",
      "   0.00137545-6.29835135e-03j ... -0.0028627 -2.22077575e-03j\n",
      "   0.00141358-5.51092915e-03j -0.00019282+1.85712515e-03j]\n",
      " [ 0.00562115+2.61765242e-03j  0.02779247+4.79909859e-20j\n",
      "   0.00090625+2.28578514e-03j ... -0.00054805+5.76836822e-03j\n",
      "  -0.0026388 +1.49039525e-03j -0.00028353-5.56483580e-03j]\n",
      " [ 0.00137545+6.29835135e-03j  0.00090625-2.28578514e-03j\n",
      "   0.02540376-6.68941513e-20j ... -0.00430136-3.28051220e-03j\n",
      "  -0.00371407-5.21000958e-03j -0.00280112-1.26758120e-03j]\n",
      " ...\n",
      " [-0.0028627 +2.22077575e-03j -0.00054805-5.76836822e-03j\n",
      "  -0.00430136+3.28051220e-03j ...  0.02464891-1.60304615e-19j\n",
      "   0.00312781-2.05003818e-03j  0.00192782-1.44082469e-03j]\n",
      " [ 0.00141358+5.51092915e-03j -0.0026388 -1.49039525e-03j\n",
      "  -0.00371407+5.21000958e-03j ...  0.00312781+2.05003818e-03j\n",
      "   0.03598374-6.81460344e-20j -0.00327343+5.15826877e-03j]\n",
      " [-0.00019282-1.85712515e-03j -0.00028353+5.56483580e-03j\n",
      "  -0.00280112+1.26758120e-03j ...  0.00192782+1.44082469e-03j\n",
      "  -0.00327343-5.15826877e-03j  0.02679268+6.60432764e-20j]]\n",
      "Initial state provided as density matrix.\n",
      "Purity of evolved state: (0.06383701705459571-2.202285662861181e-19j)\n",
      "Participation ratio: (15.66489234834961+5.404163512140573e-17j)\n",
      "purity of initial state = (0.06383701705459567+1.7787691892340307e-19j) \n",
      "Dimension of the Hilbert space: 32\n",
      "Initial state type: <class 'numpy.ndarray'> | initial_state: [[ 0.03319696+1.21644438e-19j  0.00562115-2.61765242e-03j\n",
      "   0.00137545-6.29835135e-03j ... -0.0028627 -2.22077575e-03j\n",
      "   0.00141358-5.51092915e-03j -0.00019282+1.85712515e-03j]\n",
      " [ 0.00562115+2.61765242e-03j  0.02779247+4.79909859e-20j\n",
      "   0.00090625+2.28578514e-03j ... -0.00054805+5.76836822e-03j\n",
      "  -0.0026388 +1.49039525e-03j -0.00028353-5.56483580e-03j]\n",
      " [ 0.00137545+6.29835135e-03j  0.00090625-2.28578514e-03j\n",
      "   0.02540376-6.68941513e-20j ... -0.00430136-3.28051220e-03j\n",
      "  -0.00371407-5.21000958e-03j -0.00280112-1.26758120e-03j]\n",
      " ...\n",
      " [-0.0028627 +2.22077575e-03j -0.00054805-5.76836822e-03j\n",
      "  -0.00430136+3.28051220e-03j ...  0.02464891-1.60304615e-19j\n",
      "   0.00312781-2.05003818e-03j  0.00192782-1.44082469e-03j]\n",
      " [ 0.00141358+5.51092915e-03j -0.0026388 -1.49039525e-03j\n",
      "  -0.00371407+5.21000958e-03j ...  0.00312781+2.05003818e-03j\n",
      "   0.03598374-6.81460344e-20j -0.00327343+5.15826877e-03j]\n",
      " [-0.00019282-1.85712515e-03j -0.00028353+5.56483580e-03j\n",
      "  -0.00280112+1.26758120e-03j ...  0.00192782+1.44082469e-03j\n",
      "  -0.00327343-5.15826877e-03j  0.02679268+6.60432764e-20j]]\n",
      "Initial state provided as density matrix.\n",
      "Purity of evolved state: (0.06383701705459571-2.202285662861181e-19j)\n",
      "Participation ratio: (15.66489234834961+5.404163512140573e-17j)\n",
      "purity of initial state = (0.06383701705459567+1.7787691892340307e-19j) \n",
      "Dimension of the Hilbert space: 32\n",
      "Initial state type: <class 'numpy.ndarray'> | initial_state: [[ 0.03319696+1.21644438e-19j  0.00562115-2.61765242e-03j\n",
      "   0.00137545-6.29835135e-03j ... -0.0028627 -2.22077575e-03j\n",
      "   0.00141358-5.51092915e-03j -0.00019282+1.85712515e-03j]\n",
      " [ 0.00562115+2.61765242e-03j  0.02779247+4.79909859e-20j\n",
      "   0.00090625+2.28578514e-03j ... -0.00054805+5.76836822e-03j\n",
      "  -0.0026388 +1.49039525e-03j -0.00028353-5.56483580e-03j]\n",
      " [ 0.00137545+6.29835135e-03j  0.00090625-2.28578514e-03j\n",
      "   0.02540376-6.68941513e-20j ... -0.00430136-3.28051220e-03j\n",
      "  -0.00371407-5.21000958e-03j -0.00280112-1.26758120e-03j]\n",
      " ...\n",
      " [-0.0028627 +2.22077575e-03j -0.00054805-5.76836822e-03j\n",
      "  -0.00430136+3.28051220e-03j ...  0.02464891-1.60304615e-19j\n",
      "   0.00312781-2.05003818e-03j  0.00192782-1.44082469e-03j]\n",
      " [ 0.00141358+5.51092915e-03j -0.0026388 -1.49039525e-03j\n",
      "  -0.00371407+5.21000958e-03j ...  0.00312781+2.05003818e-03j\n",
      "   0.03598374-6.81460344e-20j -0.00327343+5.15826877e-03j]\n",
      " [-0.00019282-1.85712515e-03j -0.00028353+5.56483580e-03j\n",
      "  -0.00280112+1.26758120e-03j ...  0.00192782+1.44082469e-03j\n",
      "  -0.00327343-5.15826877e-03j  0.02679268+6.60432764e-20j]]\n",
      "Initial state provided as density matrix.\n",
      "Purity of evolved state: (0.06383701705459571-2.202285662861181e-19j)\n",
      "Participation ratio: (15.66489234834961+5.404163512140573e-17j)\n",
      "purity of initial state = (0.06383701705459567+1.7787691892340307e-19j) \n",
      "Dimension of the Hilbert space: 32\n",
      "Initial state type: <class 'numpy.ndarray'> | initial_state: [[ 0.03319696+1.21644438e-19j  0.00562115-2.61765242e-03j\n",
      "   0.00137545-6.29835135e-03j ... -0.0028627 -2.22077575e-03j\n",
      "   0.00141358-5.51092915e-03j -0.00019282+1.85712515e-03j]\n",
      " [ 0.00562115+2.61765242e-03j  0.02779247+4.79909859e-20j\n",
      "   0.00090625+2.28578514e-03j ... -0.00054805+5.76836822e-03j\n",
      "  -0.0026388 +1.49039525e-03j -0.00028353-5.56483580e-03j]\n",
      " [ 0.00137545+6.29835135e-03j  0.00090625-2.28578514e-03j\n",
      "   0.02540376-6.68941513e-20j ... -0.00430136-3.28051220e-03j\n",
      "  -0.00371407-5.21000958e-03j -0.00280112-1.26758120e-03j]\n",
      " ...\n",
      " [-0.0028627 +2.22077575e-03j -0.00054805-5.76836822e-03j\n",
      "  -0.00430136+3.28051220e-03j ...  0.02464891-1.60304615e-19j\n",
      "   0.00312781-2.05003818e-03j  0.00192782-1.44082469e-03j]\n",
      " [ 0.00141358+5.51092915e-03j -0.0026388 -1.49039525e-03j\n",
      "  -0.00371407+5.21000958e-03j ...  0.00312781+2.05003818e-03j\n",
      "   0.03598374-6.81460344e-20j -0.00327343+5.15826877e-03j]\n",
      " [-0.00019282-1.85712515e-03j -0.00028353+5.56483580e-03j\n",
      "  -0.00280112+1.26758120e-03j ...  0.00192782+1.44082469e-03j\n",
      "  -0.00327343-5.15826877e-03j  0.02679268+6.60432764e-20j]]\n",
      "Initial state provided as density matrix.\n",
      "Purity of evolved state: (0.06383701705459571-2.202285662861181e-19j)\n",
      "Participation ratio: (15.66489234834961+5.404163512140573e-17j)\n",
      "purity of initial state = (0.06383701705459567+1.7787691892340307e-19j) \n",
      "Dimension of the Hilbert space: 32\n",
      "Initial state type: <class 'numpy.ndarray'> | initial_state: [[ 0.03319696+1.21644438e-19j  0.00562115-2.61765242e-03j\n",
      "   0.00137545-6.29835135e-03j ... -0.0028627 -2.22077575e-03j\n",
      "   0.00141358-5.51092915e-03j -0.00019282+1.85712515e-03j]\n",
      " [ 0.00562115+2.61765242e-03j  0.02779247+4.79909859e-20j\n",
      "   0.00090625+2.28578514e-03j ... -0.00054805+5.76836822e-03j\n",
      "  -0.0026388 +1.49039525e-03j -0.00028353-5.56483580e-03j]\n",
      " [ 0.00137545+6.29835135e-03j  0.00090625-2.28578514e-03j\n",
      "   0.02540376-6.68941513e-20j ... -0.00430136-3.28051220e-03j\n",
      "  -0.00371407-5.21000958e-03j -0.00280112-1.26758120e-03j]\n",
      " ...\n",
      " [-0.0028627 +2.22077575e-03j -0.00054805-5.76836822e-03j\n",
      "  -0.00430136+3.28051220e-03j ...  0.02464891-1.60304615e-19j\n",
      "   0.00312781-2.05003818e-03j  0.00192782-1.44082469e-03j]\n",
      " [ 0.00141358+5.51092915e-03j -0.0026388 -1.49039525e-03j\n",
      "  -0.00371407+5.21000958e-03j ...  0.00312781+2.05003818e-03j\n",
      "   0.03598374-6.81460344e-20j -0.00327343+5.15826877e-03j]\n",
      " [-0.00019282-1.85712515e-03j -0.00028353+5.56483580e-03j\n",
      "  -0.00280112+1.26758120e-03j ...  0.00192782+1.44082469e-03j\n",
      "  -0.00327343-5.15826877e-03j  0.02679268+6.60432764e-20j]]\n",
      "Initial state provided as density matrix.\n",
      "Purity of evolved state: (0.06383701705459571-2.202285662861181e-19j)\n",
      "Participation ratio: (15.66489234834961+5.404163512140573e-17j)\n",
      "purity of initial state = (0.06383701705459567+1.7787691892340307e-19j) \n",
      "Dimension of the Hilbert space: 32\n",
      "Initial state type: <class 'numpy.ndarray'> | initial_state: [[ 0.03319696+1.21644438e-19j  0.00562115-2.61765242e-03j\n",
      "   0.00137545-6.29835135e-03j ... -0.0028627 -2.22077575e-03j\n",
      "   0.00141358-5.51092915e-03j -0.00019282+1.85712515e-03j]\n",
      " [ 0.00562115+2.61765242e-03j  0.02779247+4.79909859e-20j\n",
      "   0.00090625+2.28578514e-03j ... -0.00054805+5.76836822e-03j\n",
      "  -0.0026388 +1.49039525e-03j -0.00028353-5.56483580e-03j]\n",
      " [ 0.00137545+6.29835135e-03j  0.00090625-2.28578514e-03j\n",
      "   0.02540376-6.68941513e-20j ... -0.00430136-3.28051220e-03j\n",
      "  -0.00371407-5.21000958e-03j -0.00280112-1.26758120e-03j]\n",
      " ...\n",
      " [-0.0028627 +2.22077575e-03j -0.00054805-5.76836822e-03j\n",
      "  -0.00430136+3.28051220e-03j ...  0.02464891-1.60304615e-19j\n",
      "   0.00312781-2.05003818e-03j  0.00192782-1.44082469e-03j]\n",
      " [ 0.00141358+5.51092915e-03j -0.0026388 -1.49039525e-03j\n",
      "  -0.00371407+5.21000958e-03j ...  0.00312781+2.05003818e-03j\n",
      "   0.03598374-6.81460344e-20j -0.00327343+5.15826877e-03j]\n",
      " [-0.00019282-1.85712515e-03j -0.00028353+5.56483580e-03j\n",
      "  -0.00280112+1.26758120e-03j ...  0.00192782+1.44082469e-03j\n",
      "  -0.00327343-5.15826877e-03j  0.02679268+6.60432764e-20j]]\n",
      "Initial state provided as density matrix.\n",
      "Purity of evolved state: (0.06383701705459571-2.202285662861181e-19j)\n",
      "Participation ratio: (15.66489234834961+5.404163512140573e-17j)\n",
      "purity of initial state = (0.06383701705459567+1.7787691892340307e-19j) \n",
      "Dimension of the Hilbert space: 32\n",
      "Initial state type: <class 'numpy.ndarray'> | initial_state: [[ 0.03319696+1.21644438e-19j  0.00562115-2.61765242e-03j\n",
      "   0.00137545-6.29835135e-03j ... -0.0028627 -2.22077575e-03j\n",
      "   0.00141358-5.51092915e-03j -0.00019282+1.85712515e-03j]\n",
      " [ 0.00562115+2.61765242e-03j  0.02779247+4.79909859e-20j\n",
      "   0.00090625+2.28578514e-03j ... -0.00054805+5.76836822e-03j\n",
      "  -0.0026388 +1.49039525e-03j -0.00028353-5.56483580e-03j]\n",
      " [ 0.00137545+6.29835135e-03j  0.00090625-2.28578514e-03j\n",
      "   0.02540376-6.68941513e-20j ... -0.00430136-3.28051220e-03j\n",
      "  -0.00371407-5.21000958e-03j -0.00280112-1.26758120e-03j]\n",
      " ...\n",
      " [-0.0028627 +2.22077575e-03j -0.00054805-5.76836822e-03j\n",
      "  -0.00430136+3.28051220e-03j ...  0.02464891-1.60304615e-19j\n",
      "   0.00312781-2.05003818e-03j  0.00192782-1.44082469e-03j]\n",
      " [ 0.00141358+5.51092915e-03j -0.0026388 -1.49039525e-03j\n",
      "  -0.00371407+5.21000958e-03j ...  0.00312781+2.05003818e-03j\n",
      "   0.03598374-6.81460344e-20j -0.00327343+5.15826877e-03j]\n",
      " [-0.00019282-1.85712515e-03j -0.00028353+5.56483580e-03j\n",
      "  -0.00280112+1.26758120e-03j ...  0.00192782+1.44082469e-03j\n",
      "  -0.00327343-5.15826877e-03j  0.02679268+6.60432764e-20j]]\n",
      "Initial state provided as density matrix.\n",
      "Purity of evolved state: (0.06383701705459571-2.202285662861181e-19j)\n",
      "Participation ratio: (15.66489234834961+5.404163512140573e-17j)\n",
      "purity of initial state = (0.06383701705459567+1.7787691892340307e-19j) \n",
      "Dimension of the Hilbert space: 32\n",
      "Initial state type: <class 'numpy.ndarray'> | initial_state: [[ 0.03319696+1.21644438e-19j  0.00562115-2.61765242e-03j\n",
      "   0.00137545-6.29835135e-03j ... -0.0028627 -2.22077575e-03j\n",
      "   0.00141358-5.51092915e-03j -0.00019282+1.85712515e-03j]\n",
      " [ 0.00562115+2.61765242e-03j  0.02779247+4.79909859e-20j\n",
      "   0.00090625+2.28578514e-03j ... -0.00054805+5.76836822e-03j\n",
      "  -0.0026388 +1.49039525e-03j -0.00028353-5.56483580e-03j]\n",
      " [ 0.00137545+6.29835135e-03j  0.00090625-2.28578514e-03j\n",
      "   0.02540376-6.68941513e-20j ... -0.00430136-3.28051220e-03j\n",
      "  -0.00371407-5.21000958e-03j -0.00280112-1.26758120e-03j]\n",
      " ...\n",
      " [-0.0028627 +2.22077575e-03j -0.00054805-5.76836822e-03j\n",
      "  -0.00430136+3.28051220e-03j ...  0.02464891-1.60304615e-19j\n",
      "   0.00312781-2.05003818e-03j  0.00192782-1.44082469e-03j]\n",
      " [ 0.00141358+5.51092915e-03j -0.0026388 -1.49039525e-03j\n",
      "  -0.00371407+5.21000958e-03j ...  0.00312781+2.05003818e-03j\n",
      "   0.03598374-6.81460344e-20j -0.00327343+5.15826877e-03j]\n",
      " [-0.00019282-1.85712515e-03j -0.00028353+5.56483580e-03j\n",
      "  -0.00280112+1.26758120e-03j ...  0.00192782+1.44082469e-03j\n",
      "  -0.00327343-5.15826877e-03j  0.02679268+6.60432764e-20j]]\n",
      "Initial state provided as density matrix.\n",
      "Purity of evolved state: (0.06383701705459571-2.202285662861181e-19j)\n",
      "Participation ratio: (15.66489234834961+5.404163512140573e-17j)\n",
      "purity of initial state = (0.06383701705459567+1.7787691892340307e-19j) \n",
      "Dimension of the Hilbert space: 32\n",
      "Initial state type: <class 'numpy.ndarray'> | initial_state: [[ 0.03319696+1.21644438e-19j  0.00562115-2.61765242e-03j\n",
      "   0.00137545-6.29835135e-03j ... -0.0028627 -2.22077575e-03j\n",
      "   0.00141358-5.51092915e-03j -0.00019282+1.85712515e-03j]\n",
      " [ 0.00562115+2.61765242e-03j  0.02779247+4.79909859e-20j\n",
      "   0.00090625+2.28578514e-03j ... -0.00054805+5.76836822e-03j\n",
      "  -0.0026388 +1.49039525e-03j -0.00028353-5.56483580e-03j]\n",
      " [ 0.00137545+6.29835135e-03j  0.00090625-2.28578514e-03j\n",
      "   0.02540376-6.68941513e-20j ... -0.00430136-3.28051220e-03j\n",
      "  -0.00371407-5.21000958e-03j -0.00280112-1.26758120e-03j]\n",
      " ...\n",
      " [-0.0028627 +2.22077575e-03j -0.00054805-5.76836822e-03j\n",
      "  -0.00430136+3.28051220e-03j ...  0.02464891-1.60304615e-19j\n",
      "   0.00312781-2.05003818e-03j  0.00192782-1.44082469e-03j]\n",
      " [ 0.00141358+5.51092915e-03j -0.0026388 -1.49039525e-03j\n",
      "  -0.00371407+5.21000958e-03j ...  0.00312781+2.05003818e-03j\n",
      "   0.03598374-6.81460344e-20j -0.00327343+5.15826877e-03j]\n",
      " [-0.00019282-1.85712515e-03j -0.00028353+5.56483580e-03j\n",
      "  -0.00280112+1.26758120e-03j ...  0.00192782+1.44082469e-03j\n",
      "  -0.00327343-5.15826877e-03j  0.02679268+6.60432764e-20j]]\n",
      "Initial state provided as density matrix.\n",
      "Purity of evolved state: (0.06383701705459571-2.202285662861181e-19j)\n",
      "Participation ratio: (15.66489234834961+5.404163512140573e-17j)\n",
      "purity of initial state = (0.06383701705459567+1.7787691892340307e-19j) \n",
      "Dimension of the Hilbert space: 32\n",
      "Initial state type: <class 'numpy.ndarray'> | initial_state: [[ 0.03319696+1.21644438e-19j  0.00562115-2.61765242e-03j\n",
      "   0.00137545-6.29835135e-03j ... -0.0028627 -2.22077575e-03j\n",
      "   0.00141358-5.51092915e-03j -0.00019282+1.85712515e-03j]\n",
      " [ 0.00562115+2.61765242e-03j  0.02779247+4.79909859e-20j\n",
      "   0.00090625+2.28578514e-03j ... -0.00054805+5.76836822e-03j\n",
      "  -0.0026388 +1.49039525e-03j -0.00028353-5.56483580e-03j]\n",
      " [ 0.00137545+6.29835135e-03j  0.00090625-2.28578514e-03j\n",
      "   0.02540376-6.68941513e-20j ... -0.00430136-3.28051220e-03j\n",
      "  -0.00371407-5.21000958e-03j -0.00280112-1.26758120e-03j]\n",
      " ...\n",
      " [-0.0028627 +2.22077575e-03j -0.00054805-5.76836822e-03j\n",
      "  -0.00430136+3.28051220e-03j ...  0.02464891-1.60304615e-19j\n",
      "   0.00312781-2.05003818e-03j  0.00192782-1.44082469e-03j]\n",
      " [ 0.00141358+5.51092915e-03j -0.0026388 -1.49039525e-03j\n",
      "  -0.00371407+5.21000958e-03j ...  0.00312781+2.05003818e-03j\n",
      "   0.03598374-6.81460344e-20j -0.00327343+5.15826877e-03j]\n",
      " [-0.00019282-1.85712515e-03j -0.00028353+5.56483580e-03j\n",
      "  -0.00280112+1.26758120e-03j ...  0.00192782+1.44082469e-03j\n",
      "  -0.00327343-5.15826877e-03j  0.02679268+6.60432764e-20j]]\n",
      "Initial state provided as density matrix.\n",
      "Purity of evolved state: (0.06383701705459571-2.202285662861181e-19j)\n",
      "Participation ratio: (15.66489234834961+5.404163512140573e-17j)\n",
      "purity of initial state = (0.06383701705459567+1.7787691892340307e-19j) \n",
      "Dimension of the Hilbert space: 32\n",
      "Initial state type: <class 'numpy.ndarray'> | initial_state: [[ 0.03319696+1.21644438e-19j  0.00562115-2.61765242e-03j\n",
      "   0.00137545-6.29835135e-03j ... -0.0028627 -2.22077575e-03j\n",
      "   0.00141358-5.51092915e-03j -0.00019282+1.85712515e-03j]\n",
      " [ 0.00562115+2.61765242e-03j  0.02779247+4.79909859e-20j\n",
      "   0.00090625+2.28578514e-03j ... -0.00054805+5.76836822e-03j\n",
      "  -0.0026388 +1.49039525e-03j -0.00028353-5.56483580e-03j]\n",
      " [ 0.00137545+6.29835135e-03j  0.00090625-2.28578514e-03j\n",
      "   0.02540376-6.68941513e-20j ... -0.00430136-3.28051220e-03j\n",
      "  -0.00371407-5.21000958e-03j -0.00280112-1.26758120e-03j]\n",
      " ...\n",
      " [-0.0028627 +2.22077575e-03j -0.00054805-5.76836822e-03j\n",
      "  -0.00430136+3.28051220e-03j ...  0.02464891-1.60304615e-19j\n",
      "   0.00312781-2.05003818e-03j  0.00192782-1.44082469e-03j]\n",
      " [ 0.00141358+5.51092915e-03j -0.0026388 -1.49039525e-03j\n",
      "  -0.00371407+5.21000958e-03j ...  0.00312781+2.05003818e-03j\n",
      "   0.03598374-6.81460344e-20j -0.00327343+5.15826877e-03j]\n",
      " [-0.00019282-1.85712515e-03j -0.00028353+5.56483580e-03j\n",
      "  -0.00280112+1.26758120e-03j ...  0.00192782+1.44082469e-03j\n",
      "  -0.00327343-5.15826877e-03j  0.02679268+6.60432764e-20j]]\n",
      "Initial state provided as density matrix.\n",
      "Purity of evolved state: (0.06383701705459571-2.202285662861181e-19j)\n",
      "Participation ratio: (15.66489234834961+5.404163512140573e-17j)\n",
      "purity of initial state = (0.06383701705459567+1.7787691892340307e-19j) \n",
      "Dimension of the Hilbert space: 32\n",
      "Initial state type: <class 'numpy.ndarray'> | initial_state: [[ 0.03319696+1.21644438e-19j  0.00562115-2.61765242e-03j\n",
      "   0.00137545-6.29835135e-03j ... -0.0028627 -2.22077575e-03j\n",
      "   0.00141358-5.51092915e-03j -0.00019282+1.85712515e-03j]\n",
      " [ 0.00562115+2.61765242e-03j  0.02779247+4.79909859e-20j\n",
      "   0.00090625+2.28578514e-03j ... -0.00054805+5.76836822e-03j\n",
      "  -0.0026388 +1.49039525e-03j -0.00028353-5.56483580e-03j]\n",
      " [ 0.00137545+6.29835135e-03j  0.00090625-2.28578514e-03j\n",
      "   0.02540376-6.68941513e-20j ... -0.00430136-3.28051220e-03j\n",
      "  -0.00371407-5.21000958e-03j -0.00280112-1.26758120e-03j]\n",
      " ...\n",
      " [-0.0028627 +2.22077575e-03j -0.00054805-5.76836822e-03j\n",
      "  -0.00430136+3.28051220e-03j ...  0.02464891-1.60304615e-19j\n",
      "   0.00312781-2.05003818e-03j  0.00192782-1.44082469e-03j]\n",
      " [ 0.00141358+5.51092915e-03j -0.0026388 -1.49039525e-03j\n",
      "  -0.00371407+5.21000958e-03j ...  0.00312781+2.05003818e-03j\n",
      "   0.03598374-6.81460344e-20j -0.00327343+5.15826877e-03j]\n",
      " [-0.00019282-1.85712515e-03j -0.00028353+5.56483580e-03j\n",
      "  -0.00280112+1.26758120e-03j ...  0.00192782+1.44082469e-03j\n",
      "  -0.00327343-5.15826877e-03j  0.02679268+6.60432764e-20j]]\n",
      "Initial state provided as density matrix.\n",
      "Purity of evolved state: (0.06383701705459571-2.202285662861181e-19j)\n",
      "Participation ratio: (15.66489234834961+5.404163512140573e-17j)\n",
      "purity of initial state = (0.06383701705459567+1.7787691892340307e-19j) \n",
      "Dimension of the Hilbert space: 32\n",
      "Initial state type: <class 'numpy.ndarray'> | initial_state: [[ 0.03319696+1.21644438e-19j  0.00562115-2.61765242e-03j\n",
      "   0.00137545-6.29835135e-03j ... -0.0028627 -2.22077575e-03j\n",
      "   0.00141358-5.51092915e-03j -0.00019282+1.85712515e-03j]\n",
      " [ 0.00562115+2.61765242e-03j  0.02779247+4.79909859e-20j\n",
      "   0.00090625+2.28578514e-03j ... -0.00054805+5.76836822e-03j\n",
      "  -0.0026388 +1.49039525e-03j -0.00028353-5.56483580e-03j]\n",
      " [ 0.00137545+6.29835135e-03j  0.00090625-2.28578514e-03j\n",
      "   0.02540376-6.68941513e-20j ... -0.00430136-3.28051220e-03j\n",
      "  -0.00371407-5.21000958e-03j -0.00280112-1.26758120e-03j]\n",
      " ...\n",
      " [-0.0028627 +2.22077575e-03j -0.00054805-5.76836822e-03j\n",
      "  -0.00430136+3.28051220e-03j ...  0.02464891-1.60304615e-19j\n",
      "   0.00312781-2.05003818e-03j  0.00192782-1.44082469e-03j]\n",
      " [ 0.00141358+5.51092915e-03j -0.0026388 -1.49039525e-03j\n",
      "  -0.00371407+5.21000958e-03j ...  0.00312781+2.05003818e-03j\n",
      "   0.03598374-6.81460344e-20j -0.00327343+5.15826877e-03j]\n",
      " [-0.00019282-1.85712515e-03j -0.00028353+5.56483580e-03j\n",
      "  -0.00280112+1.26758120e-03j ...  0.00192782+1.44082469e-03j\n",
      "  -0.00327343-5.15826877e-03j  0.02679268+6.60432764e-20j]]\n",
      "Initial state provided as density matrix.\n",
      "Purity of evolved state: (0.06383701705459571-2.202285662861181e-19j)\n",
      "Participation ratio: (15.66489234834961+5.404163512140573e-17j)\n",
      "purity of initial state = (0.06383701705459567+1.7787691892340307e-19j) \n",
      "Dimension of the Hilbert space: 32\n",
      "Initial state type: <class 'numpy.ndarray'> | initial_state: [[ 0.03319696+1.21644438e-19j  0.00562115-2.61765242e-03j\n",
      "   0.00137545-6.29835135e-03j ... -0.0028627 -2.22077575e-03j\n",
      "   0.00141358-5.51092915e-03j -0.00019282+1.85712515e-03j]\n",
      " [ 0.00562115+2.61765242e-03j  0.02779247+4.79909859e-20j\n",
      "   0.00090625+2.28578514e-03j ... -0.00054805+5.76836822e-03j\n",
      "  -0.0026388 +1.49039525e-03j -0.00028353-5.56483580e-03j]\n",
      " [ 0.00137545+6.29835135e-03j  0.00090625-2.28578514e-03j\n",
      "   0.02540376-6.68941513e-20j ... -0.00430136-3.28051220e-03j\n",
      "  -0.00371407-5.21000958e-03j -0.00280112-1.26758120e-03j]\n",
      " ...\n",
      " [-0.0028627 +2.22077575e-03j -0.00054805-5.76836822e-03j\n",
      "  -0.00430136+3.28051220e-03j ...  0.02464891-1.60304615e-19j\n",
      "   0.00312781-2.05003818e-03j  0.00192782-1.44082469e-03j]\n",
      " [ 0.00141358+5.51092915e-03j -0.0026388 -1.49039525e-03j\n",
      "  -0.00371407+5.21000958e-03j ...  0.00312781+2.05003818e-03j\n",
      "   0.03598374-6.81460344e-20j -0.00327343+5.15826877e-03j]\n",
      " [-0.00019282-1.85712515e-03j -0.00028353+5.56483580e-03j\n",
      "  -0.00280112+1.26758120e-03j ...  0.00192782+1.44082469e-03j\n",
      "  -0.00327343-5.15826877e-03j  0.02679268+6.60432764e-20j]]\n",
      "Initial state provided as density matrix.\n",
      "Purity of evolved state: (0.06383701705459571-2.202285662861181e-19j)\n",
      "Participation ratio: (15.66489234834961+5.404163512140573e-17j)\n",
      "purity of initial state = (0.06383701705459567+1.7787691892340307e-19j) \n",
      "Dimension of the Hilbert space: 32\n",
      "Initial state type: <class 'numpy.ndarray'> | initial_state: [[ 0.03319696+1.21644438e-19j  0.00562115-2.61765242e-03j\n",
      "   0.00137545-6.29835135e-03j ... -0.0028627 -2.22077575e-03j\n",
      "   0.00141358-5.51092915e-03j -0.00019282+1.85712515e-03j]\n",
      " [ 0.00562115+2.61765242e-03j  0.02779247+4.79909859e-20j\n",
      "   0.00090625+2.28578514e-03j ... -0.00054805+5.76836822e-03j\n",
      "  -0.0026388 +1.49039525e-03j -0.00028353-5.56483580e-03j]\n",
      " [ 0.00137545+6.29835135e-03j  0.00090625-2.28578514e-03j\n",
      "   0.02540376-6.68941513e-20j ... -0.00430136-3.28051220e-03j\n",
      "  -0.00371407-5.21000958e-03j -0.00280112-1.26758120e-03j]\n",
      " ...\n",
      " [-0.0028627 +2.22077575e-03j -0.00054805-5.76836822e-03j\n",
      "  -0.00430136+3.28051220e-03j ...  0.02464891-1.60304615e-19j\n",
      "   0.00312781-2.05003818e-03j  0.00192782-1.44082469e-03j]\n",
      " [ 0.00141358+5.51092915e-03j -0.0026388 -1.49039525e-03j\n",
      "  -0.00371407+5.21000958e-03j ...  0.00312781+2.05003818e-03j\n",
      "   0.03598374-6.81460344e-20j -0.00327343+5.15826877e-03j]\n",
      " [-0.00019282-1.85712515e-03j -0.00028353+5.56483580e-03j\n",
      "  -0.00280112+1.26758120e-03j ...  0.00192782+1.44082469e-03j\n",
      "  -0.00327343-5.15826877e-03j  0.02679268+6.60432764e-20j]]\n",
      "Initial state provided as density matrix.\n",
      "Purity of evolved state: (0.06383701705459571-2.202285662861181e-19j)\n",
      "Participation ratio: (15.66489234834961+5.404163512140573e-17j)\n",
      "purity of initial state = (0.06383701705459567+1.7787691892340307e-19j) \n",
      "Dimension of the Hilbert space: 32\n",
      "Initial state type: <class 'numpy.ndarray'> | initial_state: [[ 0.03319696+1.21644438e-19j  0.00562115-2.61765242e-03j\n",
      "   0.00137545-6.29835135e-03j ... -0.0028627 -2.22077575e-03j\n",
      "   0.00141358-5.51092915e-03j -0.00019282+1.85712515e-03j]\n",
      " [ 0.00562115+2.61765242e-03j  0.02779247+4.79909859e-20j\n",
      "   0.00090625+2.28578514e-03j ... -0.00054805+5.76836822e-03j\n",
      "  -0.0026388 +1.49039525e-03j -0.00028353-5.56483580e-03j]\n",
      " [ 0.00137545+6.29835135e-03j  0.00090625-2.28578514e-03j\n",
      "   0.02540376-6.68941513e-20j ... -0.00430136-3.28051220e-03j\n",
      "  -0.00371407-5.21000958e-03j -0.00280112-1.26758120e-03j]\n",
      " ...\n",
      " [-0.0028627 +2.22077575e-03j -0.00054805-5.76836822e-03j\n",
      "  -0.00430136+3.28051220e-03j ...  0.02464891-1.60304615e-19j\n",
      "   0.00312781-2.05003818e-03j  0.00192782-1.44082469e-03j]\n",
      " [ 0.00141358+5.51092915e-03j -0.0026388 -1.49039525e-03j\n",
      "  -0.00371407+5.21000958e-03j ...  0.00312781+2.05003818e-03j\n",
      "   0.03598374-6.81460344e-20j -0.00327343+5.15826877e-03j]\n",
      " [-0.00019282-1.85712515e-03j -0.00028353+5.56483580e-03j\n",
      "  -0.00280112+1.26758120e-03j ...  0.00192782+1.44082469e-03j\n",
      "  -0.00327343-5.15826877e-03j  0.02679268+6.60432764e-20j]]\n",
      "Initial state provided as density matrix.\n",
      "Purity of evolved state: (0.06383701705459571-2.202285662861181e-19j)\n",
      "Participation ratio: (15.66489234834961+5.404163512140573e-17j)\n",
      "purity of initial state = (0.06383701705459567+1.7787691892340307e-19j) \n",
      "Dimension of the Hilbert space: 32\n",
      "Initial state type: <class 'numpy.ndarray'> | initial_state: [[ 0.03319696+1.21644438e-19j  0.00562115-2.61765242e-03j\n",
      "   0.00137545-6.29835135e-03j ... -0.0028627 -2.22077575e-03j\n",
      "   0.00141358-5.51092915e-03j -0.00019282+1.85712515e-03j]\n",
      " [ 0.00562115+2.61765242e-03j  0.02779247+4.79909859e-20j\n",
      "   0.00090625+2.28578514e-03j ... -0.00054805+5.76836822e-03j\n",
      "  -0.0026388 +1.49039525e-03j -0.00028353-5.56483580e-03j]\n",
      " [ 0.00137545+6.29835135e-03j  0.00090625-2.28578514e-03j\n",
      "   0.02540376-6.68941513e-20j ... -0.00430136-3.28051220e-03j\n",
      "  -0.00371407-5.21000958e-03j -0.00280112-1.26758120e-03j]\n",
      " ...\n",
      " [-0.0028627 +2.22077575e-03j -0.00054805-5.76836822e-03j\n",
      "  -0.00430136+3.28051220e-03j ...  0.02464891-1.60304615e-19j\n",
      "   0.00312781-2.05003818e-03j  0.00192782-1.44082469e-03j]\n",
      " [ 0.00141358+5.51092915e-03j -0.0026388 -1.49039525e-03j\n",
      "  -0.00371407+5.21000958e-03j ...  0.00312781+2.05003818e-03j\n",
      "   0.03598374-6.81460344e-20j -0.00327343+5.15826877e-03j]\n",
      " [-0.00019282-1.85712515e-03j -0.00028353+5.56483580e-03j\n",
      "  -0.00280112+1.26758120e-03j ...  0.00192782+1.44082469e-03j\n",
      "  -0.00327343-5.15826877e-03j  0.02679268+6.60432764e-20j]]\n",
      "Initial state provided as density matrix.\n",
      "Purity of evolved state: (0.06383701705459571-2.202285662861181e-19j)\n",
      "Participation ratio: (15.66489234834961+5.404163512140573e-17j)\n",
      "purity of initial state = (0.06383701705459567+1.7787691892340307e-19j) \n",
      "Dimension of the Hilbert space: 32\n",
      "Initial state type: <class 'numpy.ndarray'> | initial_state: [[ 0.03319696+1.21644438e-19j  0.00562115-2.61765242e-03j\n",
      "   0.00137545-6.29835135e-03j ... -0.0028627 -2.22077575e-03j\n",
      "   0.00141358-5.51092915e-03j -0.00019282+1.85712515e-03j]\n",
      " [ 0.00562115+2.61765242e-03j  0.02779247+4.79909859e-20j\n",
      "   0.00090625+2.28578514e-03j ... -0.00054805+5.76836822e-03j\n",
      "  -0.0026388 +1.49039525e-03j -0.00028353-5.56483580e-03j]\n",
      " [ 0.00137545+6.29835135e-03j  0.00090625-2.28578514e-03j\n",
      "   0.02540376-6.68941513e-20j ... -0.00430136-3.28051220e-03j\n",
      "  -0.00371407-5.21000958e-03j -0.00280112-1.26758120e-03j]\n",
      " ...\n",
      " [-0.0028627 +2.22077575e-03j -0.00054805-5.76836822e-03j\n",
      "  -0.00430136+3.28051220e-03j ...  0.02464891-1.60304615e-19j\n",
      "   0.00312781-2.05003818e-03j  0.00192782-1.44082469e-03j]\n",
      " [ 0.00141358+5.51092915e-03j -0.0026388 -1.49039525e-03j\n",
      "  -0.00371407+5.21000958e-03j ...  0.00312781+2.05003818e-03j\n",
      "   0.03598374-6.81460344e-20j -0.00327343+5.15826877e-03j]\n",
      " [-0.00019282-1.85712515e-03j -0.00028353+5.56483580e-03j\n",
      "  -0.00280112+1.26758120e-03j ...  0.00192782+1.44082469e-03j\n",
      "  -0.00327343-5.15826877e-03j  0.02679268+6.60432764e-20j]]\n",
      "Initial state provided as density matrix.\n",
      "Purity of evolved state: (0.06383701705459571-2.202285662861181e-19j)\n",
      "Participation ratio: (15.66489234834961+5.404163512140573e-17j)\n",
      "purity of initial state = (0.06383701705459567+1.7787691892340307e-19j) \n",
      "Dimension of the Hilbert space: 32\n",
      "Initial state type: <class 'numpy.ndarray'> | initial_state: [[ 0.03319696+1.21644438e-19j  0.00562115-2.61765242e-03j\n",
      "   0.00137545-6.29835135e-03j ... -0.0028627 -2.22077575e-03j\n",
      "   0.00141358-5.51092915e-03j -0.00019282+1.85712515e-03j]\n",
      " [ 0.00562115+2.61765242e-03j  0.02779247+4.79909859e-20j\n",
      "   0.00090625+2.28578514e-03j ... -0.00054805+5.76836822e-03j\n",
      "  -0.0026388 +1.49039525e-03j -0.00028353-5.56483580e-03j]\n",
      " [ 0.00137545+6.29835135e-03j  0.00090625-2.28578514e-03j\n",
      "   0.02540376-6.68941513e-20j ... -0.00430136-3.28051220e-03j\n",
      "  -0.00371407-5.21000958e-03j -0.00280112-1.26758120e-03j]\n",
      " ...\n",
      " [-0.0028627 +2.22077575e-03j -0.00054805-5.76836822e-03j\n",
      "  -0.00430136+3.28051220e-03j ...  0.02464891-1.60304615e-19j\n",
      "   0.00312781-2.05003818e-03j  0.00192782-1.44082469e-03j]\n",
      " [ 0.00141358+5.51092915e-03j -0.0026388 -1.49039525e-03j\n",
      "  -0.00371407+5.21000958e-03j ...  0.00312781+2.05003818e-03j\n",
      "   0.03598374-6.81460344e-20j -0.00327343+5.15826877e-03j]\n",
      " [-0.00019282-1.85712515e-03j -0.00028353+5.56483580e-03j\n",
      "  -0.00280112+1.26758120e-03j ...  0.00192782+1.44082469e-03j\n",
      "  -0.00327343-5.15826877e-03j  0.02679268+6.60432764e-20j]]\n",
      "Initial state provided as density matrix.\n",
      "Purity of evolved state: (0.06383701705459571-2.202285662861181e-19j)\n",
      "Participation ratio: (15.66489234834961+5.404163512140573e-17j)\n",
      "purity of initial state = (0.06383701705459567+1.7787691892340307e-19j) \n",
      "Dimension of the Hilbert space: 32\n",
      "Initial state type: <class 'numpy.ndarray'> | initial_state: [[ 0.03319696+1.21644438e-19j  0.00562115-2.61765242e-03j\n",
      "   0.00137545-6.29835135e-03j ... -0.0028627 -2.22077575e-03j\n",
      "   0.00141358-5.51092915e-03j -0.00019282+1.85712515e-03j]\n",
      " [ 0.00562115+2.61765242e-03j  0.02779247+4.79909859e-20j\n",
      "   0.00090625+2.28578514e-03j ... -0.00054805+5.76836822e-03j\n",
      "  -0.0026388 +1.49039525e-03j -0.00028353-5.56483580e-03j]\n",
      " [ 0.00137545+6.29835135e-03j  0.00090625-2.28578514e-03j\n",
      "   0.02540376-6.68941513e-20j ... -0.00430136-3.28051220e-03j\n",
      "  -0.00371407-5.21000958e-03j -0.00280112-1.26758120e-03j]\n",
      " ...\n",
      " [-0.0028627 +2.22077575e-03j -0.00054805-5.76836822e-03j\n",
      "  -0.00430136+3.28051220e-03j ...  0.02464891-1.60304615e-19j\n",
      "   0.00312781-2.05003818e-03j  0.00192782-1.44082469e-03j]\n",
      " [ 0.00141358+5.51092915e-03j -0.0026388 -1.49039525e-03j\n",
      "  -0.00371407+5.21000958e-03j ...  0.00312781+2.05003818e-03j\n",
      "   0.03598374-6.81460344e-20j -0.00327343+5.15826877e-03j]\n",
      " [-0.00019282-1.85712515e-03j -0.00028353+5.56483580e-03j\n",
      "  -0.00280112+1.26758120e-03j ...  0.00192782+1.44082469e-03j\n",
      "  -0.00327343-5.15826877e-03j  0.02679268+6.60432764e-20j]]\n",
      "Initial state provided as density matrix.\n",
      "Purity of evolved state: (0.06383701705459571-2.202285662861181e-19j)\n",
      "Participation ratio: (15.66489234834961+5.404163512140573e-17j)\n",
      "purity of initial state = (0.06383701705459567+1.7787691892340307e-19j) \n",
      "Dimension of the Hilbert space: 32\n",
      "Initial state type: <class 'numpy.ndarray'> | initial_state: [[ 0.03319696+1.21644438e-19j  0.00562115-2.61765242e-03j\n",
      "   0.00137545-6.29835135e-03j ... -0.0028627 -2.22077575e-03j\n",
      "   0.00141358-5.51092915e-03j -0.00019282+1.85712515e-03j]\n",
      " [ 0.00562115+2.61765242e-03j  0.02779247+4.79909859e-20j\n",
      "   0.00090625+2.28578514e-03j ... -0.00054805+5.76836822e-03j\n",
      "  -0.0026388 +1.49039525e-03j -0.00028353-5.56483580e-03j]\n",
      " [ 0.00137545+6.29835135e-03j  0.00090625-2.28578514e-03j\n",
      "   0.02540376-6.68941513e-20j ... -0.00430136-3.28051220e-03j\n",
      "  -0.00371407-5.21000958e-03j -0.00280112-1.26758120e-03j]\n",
      " ...\n",
      " [-0.0028627 +2.22077575e-03j -0.00054805-5.76836822e-03j\n",
      "  -0.00430136+3.28051220e-03j ...  0.02464891-1.60304615e-19j\n",
      "   0.00312781-2.05003818e-03j  0.00192782-1.44082469e-03j]\n",
      " [ 0.00141358+5.51092915e-03j -0.0026388 -1.49039525e-03j\n",
      "  -0.00371407+5.21000958e-03j ...  0.00312781+2.05003818e-03j\n",
      "   0.03598374-6.81460344e-20j -0.00327343+5.15826877e-03j]\n",
      " [-0.00019282-1.85712515e-03j -0.00028353+5.56483580e-03j\n",
      "  -0.00280112+1.26758120e-03j ...  0.00192782+1.44082469e-03j\n",
      "  -0.00327343-5.15826877e-03j  0.02679268+6.60432764e-20j]]\n",
      "Initial state provided as density matrix.\n",
      "Purity of evolved state: (0.06383701705459571-2.202285662861181e-19j)\n",
      "Participation ratio: (15.66489234834961+5.404163512140573e-17j)\n",
      "purity of initial state = (0.06383701705459567+1.7787691892340307e-19j) \n",
      "Dimension of the Hilbert space: 32\n",
      "Initial state type: <class 'numpy.ndarray'> | initial_state: [[ 0.03319696+1.21644438e-19j  0.00562115-2.61765242e-03j\n",
      "   0.00137545-6.29835135e-03j ... -0.0028627 -2.22077575e-03j\n",
      "   0.00141358-5.51092915e-03j -0.00019282+1.85712515e-03j]\n",
      " [ 0.00562115+2.61765242e-03j  0.02779247+4.79909859e-20j\n",
      "   0.00090625+2.28578514e-03j ... -0.00054805+5.76836822e-03j\n",
      "  -0.0026388 +1.49039525e-03j -0.00028353-5.56483580e-03j]\n",
      " [ 0.00137545+6.29835135e-03j  0.00090625-2.28578514e-03j\n",
      "   0.02540376-6.68941513e-20j ... -0.00430136-3.28051220e-03j\n",
      "  -0.00371407-5.21000958e-03j -0.00280112-1.26758120e-03j]\n",
      " ...\n",
      " [-0.0028627 +2.22077575e-03j -0.00054805-5.76836822e-03j\n",
      "  -0.00430136+3.28051220e-03j ...  0.02464891-1.60304615e-19j\n",
      "   0.00312781-2.05003818e-03j  0.00192782-1.44082469e-03j]\n",
      " [ 0.00141358+5.51092915e-03j -0.0026388 -1.49039525e-03j\n",
      "  -0.00371407+5.21000958e-03j ...  0.00312781+2.05003818e-03j\n",
      "   0.03598374-6.81460344e-20j -0.00327343+5.15826877e-03j]\n",
      " [-0.00019282-1.85712515e-03j -0.00028353+5.56483580e-03j\n",
      "  -0.00280112+1.26758120e-03j ...  0.00192782+1.44082469e-03j\n",
      "  -0.00327343-5.15826877e-03j  0.02679268+6.60432764e-20j]]\n",
      "Initial state provided as density matrix.\n",
      "Purity of evolved state: (0.06383701705459571-2.202285662861181e-19j)\n",
      "Participation ratio: (15.66489234834961+5.404163512140573e-17j)\n",
      "purity of initial state = (0.06383701705459567+1.7787691892340307e-19j) \n",
      "Dimension of the Hilbert space: 32\n",
      "Initial state type: <class 'numpy.ndarray'> | initial_state: [[ 0.03319696+1.21644438e-19j  0.00562115-2.61765242e-03j\n",
      "   0.00137545-6.29835135e-03j ... -0.0028627 -2.22077575e-03j\n",
      "   0.00141358-5.51092915e-03j -0.00019282+1.85712515e-03j]\n",
      " [ 0.00562115+2.61765242e-03j  0.02779247+4.79909859e-20j\n",
      "   0.00090625+2.28578514e-03j ... -0.00054805+5.76836822e-03j\n",
      "  -0.0026388 +1.49039525e-03j -0.00028353-5.56483580e-03j]\n",
      " [ 0.00137545+6.29835135e-03j  0.00090625-2.28578514e-03j\n",
      "   0.02540376-6.68941513e-20j ... -0.00430136-3.28051220e-03j\n",
      "  -0.00371407-5.21000958e-03j -0.00280112-1.26758120e-03j]\n",
      " ...\n",
      " [-0.0028627 +2.22077575e-03j -0.00054805-5.76836822e-03j\n",
      "  -0.00430136+3.28051220e-03j ...  0.02464891-1.60304615e-19j\n",
      "   0.00312781-2.05003818e-03j  0.00192782-1.44082469e-03j]\n",
      " [ 0.00141358+5.51092915e-03j -0.0026388 -1.49039525e-03j\n",
      "  -0.00371407+5.21000958e-03j ...  0.00312781+2.05003818e-03j\n",
      "   0.03598374-6.81460344e-20j -0.00327343+5.15826877e-03j]\n",
      " [-0.00019282-1.85712515e-03j -0.00028353+5.56483580e-03j\n",
      "  -0.00280112+1.26758120e-03j ...  0.00192782+1.44082469e-03j\n",
      "  -0.00327343-5.15826877e-03j  0.02679268+6.60432764e-20j]]\n",
      "Initial state provided as density matrix.\n",
      "Purity of evolved state: (0.06383701705459571-2.202285662861181e-19j)\n",
      "Participation ratio: (15.66489234834961+5.404163512140573e-17j)\n",
      "purity of initial state = (0.06383701705459567+1.7787691892340307e-19j) \n",
      "Dimension of the Hilbert space: 32\n",
      "Initial state type: <class 'numpy.ndarray'> | initial_state: [[ 0.03319696+1.21644438e-19j  0.00562115-2.61765242e-03j\n",
      "   0.00137545-6.29835135e-03j ... -0.0028627 -2.22077575e-03j\n",
      "   0.00141358-5.51092915e-03j -0.00019282+1.85712515e-03j]\n",
